  EFITD    01/21/2000    #163241  3500ms           7  65  65
 0.170000005E+01 0.320000005E+01 0.169550002E+01 0.839999974E+00 0.000000000E+00
 0.174113166E+01 0.522766449E-01-0.323177725E+00 0.337406434E-01-0.201232076E+01
 0.137972112E+07-0.323177725E+00 0.000000000E+00 0.174113166E+01 0.000000000E+00
 0.522766449E-01 0.000000000E+00 0.337406434E-01 0.000000000E+00 0.000000000E+00
-0.357088828E+01-0.356258082E+01-0.355455065E+01-0.354679370E+01-0.353930664E+01
-0.353208613E+01-0.352512813E+01-0.351842904E+01-0.351198506E+01-0.350579190E+01
-0.349984622E+01-0.349414325E+01-0.348867893E+01-0.348344922E+01-0.347844958E+01
-0.347367597E+01-0.346912336E+01-0.346478748E+01-0.346066380E+01-0.345674753E+01
-0.345303392E+01-0.344951844E+01-0.344619584E+01-0.344306159E+01-0.344011045E+01
-0.343733764E+01-0.343473816E+01-0.343230677E+01-0.343003845E+01-0.342792821E+01
-0.342597032E+01-0.342416024E+01-0.342249227E+01-0.342096138E+01-0.341956210E+01
-0.341828895E+01-0.341713715E+01-0.341610074E+01-0.341517472E+01-0.341435337E+01
-0.341363144E+01-0.341300344E+01-0.341246414E+01-0.341200781E+01-0.341162896E+01
-0.341132236E+01-0.341108227E+01-0.341090345E+01-0.341078043E+01-0.341070724E+01
-0.341067886E+01-0.341068959E+01-0.341073418E+01-0.341080666E+01-0.341090202E+01
-0.341101432E+01-0.341113853E+01-0.341126871E+01-0.341139936E+01-0.341152549E+01
-0.341164112E+01-0.341174078E+01-0.341181922E+01-0.341187072E+01-0.341188979E+01
 0.797833125E+05 0.789221406E+05 0.780487266E+05 0.771630859E+05 0.762652031E+05
 0.753550859E+05 0.744327344E+05 0.734981484E+05 0.725513203E+05 0.715922578E+05
 0.706209609E+05 0.696374219E+05 0.686416562E+05 0.676336484E+05 0.666134062E+05
 0.655809219E+05 0.645362109E+05 0.634792578E+05 0.624100703E+05 0.613286445E+05
 0.602349844E+05 0.591290859E+05 0.580109531E+05 0.568805820E+05 0.557379766E+05
 0.545831367E+05 0.534160547E+05 0.522367422E+05 0.510451914E+05 0.498414023E+05
 0.486253789E+05 0.473971211E+05 0.461566250E+05 0.449038906E+05 0.436389219E+05
 0.423617188E+05 0.410722773E+05 0.397706016E+05 0.384566875E+05 0.371305352E+05
 0.357921484E+05 0.344415273E+05 0.330786680E+05 0.317035742E+05 0.303162422E+05
 0.289166738E+05 0.275048711E+05 0.260808301E+05 0.246445547E+05 0.231960410E+05
 0.217352930E+05 0.202623086E+05 0.187770859E+05 0.172796289E+05 0.157699346E+05
 0.142480039E+05 0.127138379E+05 0.111674346E+05 0.960879590E+04 0.803792041E+04
 0.645480908E+04 0.485946143E+04 0.325187695E+04 0.163205664E+04 0.000000000E+00
-0.540824270E+01-0.521772671E+01-0.503057575E+01-0.484678984E+01-0.466636848E+01
-0.448931265E+01-0.431562138E+01-0.414529514E+01-0.397833419E+01-0.381473780E+01
-0.365450668E+01-0.349764037E+01-0.334413910E+01-0.319400287E+01-0.304723144E+01
-0.290382504E+01-0.276378369E+01-0.262710738E+01-0.249379587E+01-0.236384940E+01
-0.223726797E+01-0.211405134E+01-0.199419975E+01-0.187771320E+01-0.176459157E+01
-0.165483499E+01-0.154844332E+01-0.144541669E+01-0.134575486E+01-0.124945819E+01
-0.115652645E+01-0.106695962E+01-0.980757773E+00-0.897920966E+00-0.818449080E+00
-0.742342174E+00-0.669600248E+00-0.600223243E+00-0.534211278E+00-0.471564263E+00
-0.412282228E+00-0.356365144E+00-0.303813070E+00-0.254625946E+00-0.208803788E+00
-0.166346610E+00-0.127254412E+00-0.915271863E-01-0.591649264E-01-0.301676430E-01
-0.453533186E-02 0.177320056E-01 0.366343707E-01 0.521717630E-01 0.643441826E-01
 0.731516331E-01 0.785941035E-01 0.806716084E-01 0.793841332E-01 0.747316852E-01
 0.667142719E-01 0.553318821E-01 0.405845158E-01 0.224721804E-01 0.994871254E-03
-0.153321984E+06-0.155516094E+06-0.157710219E+06-0.159904344E+06-0.162098453E+06
-0.164292578E+06-0.166486688E+06-0.168680812E+06-0.170874922E+06-0.173069047E+06
-0.175263172E+06-0.177457281E+06-0.179651406E+06-0.181845516E+06-0.184039641E+06
-0.186233766E+06-0.188427875E+06-0.190622000E+06-0.192816109E+06-0.195010234E+06
-0.197204344E+06-0.199398469E+06-0.201592594E+06-0.203786703E+06-0.205980828E+06
-0.208174938E+06-0.210369062E+06-0.212563172E+06-0.214757297E+06-0.216951422E+06
-0.219145531E+06-0.221339656E+06-0.223533766E+06-0.225727891E+06-0.227922016E+06
-0.230116125E+06-0.232310250E+06-0.234504359E+06-0.236698484E+06-0.238892594E+06
-0.241086719E+06-0.243280844E+06-0.245474953E+06-0.247669078E+06-0.249863188E+06
-0.252057312E+06-0.254251422E+06-0.256445547E+06-0.258639672E+06-0.260833781E+06
-0.263027906E+06-0.265222031E+06-0.267416125E+06-0.269610250E+06-0.271804375E+06
-0.273998500E+06-0.276192625E+06-0.278386719E+06-0.280580844E+06-0.282774969E+06
-0.284969094E+06-0.287163219E+06-0.289357312E+06-0.291551438E+06-0.293745562E+06
 0.815561190E-01 0.756641701E-01 0.691780522E-01 0.620064847E-01 0.541133657E-01
 0.455038771E-01 0.361911282E-01 0.261540934E-01 0.159707237E-01 0.610867050E-02
-0.568310963E-02-0.211529601E-01-0.377047174E-01-0.501705371E-01-0.595586821E-01
-0.662853196E-01-0.704439878E-01-0.719374940E-01-0.704112872E-01-0.650777817E-01
-0.543827862E-01-0.435504019E-01-0.365999825E-01-0.323260650E-01-0.301675256E-01
-0.299301874E-01-0.316733904E-01-0.357049443E-01-0.426589288E-01-0.534511246E-01
-0.608312525E-01-0.623918138E-01-0.588562079E-01-0.497954637E-01-0.349723287E-01
-0.136061506E-01 0.115388855E-01 0.330840237E-01 0.521647669E-01 0.695109516E-01
 0.856022537E-01 0.100764893E+00 0.115224004E+00 0.129133567E+00 0.142595738E+00
 0.155674398E+00 0.168404669E+00 0.180799648E+00 0.192855135E+00 0.204553232E+00
 0.215865090E+00 0.226753652E+00 0.237176046E+00 0.247086242E+00 0.256437749E+00
 0.265186310E+00 0.273292571E+00 0.280724555E+00 0.287459463E+00 0.293485105E+00
 0.298800647E+00 0.303416371E+00 0.307353139E+00 0.310640842E+00 0.313316852E+00
 0.810783207E-01 0.746927485E-01 0.676891953E-01 0.599693954E-01 0.514784791E-01
 0.422256812E-01 0.327122249E-01 0.236690529E-01 0.151439412E-01 0.702028349E-02
-0.247442373E-02-0.138512338E-01-0.255512465E-01-0.355331860E-01-0.435011946E-01
-0.494312905E-01-0.532785989E-01-0.549324453E-01-0.542086028E-01-0.508812368E-01
-0.449841321E-01-0.386362150E-01-0.337914340E-01-0.305883233E-01-0.289852433E-01
-0.290105361E-01-0.308225192E-01-0.347671136E-01-0.414858460E-01-0.518424548E-01
-0.589078255E-01-0.602154545E-01-0.563797504E-01-0.471881591E-01-0.322648585E-01
-0.107159372E-01 0.144940382E-01 0.363737457E-01 0.559726395E-01 0.739844888E-01
 0.908530951E-01 0.106876165E+00 0.122258484E+00 0.137141094E+00 0.151618585E+00
 0.165749922E+00 0.179565802E+00 0.193073586E+00 0.206260994E+00 0.219099030E+00
 0.231544510E+00 0.243542746E+00 0.255030453E+00 0.265939236E+00 0.276199341E+00
 0.285744041E+00 0.294513911E+00 0.302460641E+00 0.309550583E+00 0.315766782E+00
 0.321110070E+00 0.325598598E+00 0.329266250E+00 0.332159966E+00 0.334336817E+00
 0.817155689E-01 0.752028897E-01 0.680169463E-01 0.599720515E-01 0.509750955E-01
 0.423893407E-01 0.345088653E-01 0.273601450E-01 0.209681932E-01 0.143094491E-01
 0.700195460E-02-0.737195485E-03-0.842106994E-02-0.155055551E-01-0.215817634E-01
-0.264009647E-01-0.298197754E-01-0.317643583E-01-0.322356001E-01-0.313601457E-01
-0.294732284E-01-0.271242093E-01-0.248822533E-01-0.231468473E-01-0.221521463E-01
-0.220442023E-01-0.229344051E-01-0.249135625E-01-0.279993284E-01-0.316995978E-01
-0.336574018E-01-0.322884582E-01-0.272598397E-01-0.184101686E-01-0.562347379E-02
 0.109878238E-01 0.297329333E-01 0.482293367E-01 0.660373718E-01 0.831891149E-01
 0.997866541E-01 0.115935691E+00 0.131727144E+00 0.147231802E+00 0.162499189E+00
 0.177557901E+00 0.192416161E+00 0.207062438E+00 0.221465945E+00 0.235577255E+00
 0.249329314E+00 0.262639195E+00 0.275410891E+00 0.287539572E+00 0.298917025E+00
 0.309438616E+00 0.319010437E+00 0.327556491E+00 0.335024625E+00 0.341390371E+00
 0.346658498E+00 0.350861728E+00 0.354057133E+00 0.356320947E+00 0.357742369E+00
 0.835595578E-01 0.772991180E-01 0.704565048E-01 0.628978536E-01 0.547234043E-01
 0.475090258E-01 0.414394960E-01 0.357245617E-01 0.298703164E-01 0.238567032E-01
 0.177254584E-01 0.116000064E-01 0.567587232E-02 0.179886454E-03-0.467686215E-02
-0.872927625E-02-0.118697379E-01-0.140520614E-01-0.152970981E-01-0.157004874E-01
-0.154331923E-01-0.147209847E-01-0.138015375E-01-0.128798373E-01-0.121024605E-01
-0.115488628E-01-0.112232603E-01-0.110300053E-01-0.107211052E-01-0.983679947E-02
-0.774789602E-02-0.386142032E-02 0.221583154E-02 0.106579736E-01 0.214242321E-01
 0.342250429E-01 0.485258102E-01 0.637226701E-01 0.793638006E-01 0.951941237E-01
 0.111092381E+00 0.127010152E+00 0.142934039E+00 0.158864170E+00 0.174801737E+00
 0.190741360E+00 0.206665829E+00 0.222542241E+00 0.238318622E+00 0.253921300E+00
 0.269253045E+00 0.284192443E+00 0.298595697E+00 0.312301189E+00 0.325137764E+00
 0.336936027E+00 0.347541988E+00 0.356830716E+00 0.364717960E+00 0.371167749E+00
 0.376194775E+00 0.379860789E+00 0.382266819E+00 0.383541554E+00 0.383829266E+00
 0.864283815E-01 0.807031766E-01 0.746105537E-01 0.681440979E-01 0.615447015E-01
 0.556624383E-01 0.499890409E-01 0.444145016E-01 0.388893671E-01 0.334082767E-01
 0.280056912E-01 0.227527935E-01 0.177493915E-01 0.131098237E-01 0.894625019E-02
 0.535377814E-02 0.239971164E-02 0.116862633E-03-0.149984064E-02-0.249316264E-02
-0.293831294E-02-0.293146051E-02-0.257313484E-02-0.195013685E-02-0.111953903E-02
-0.957509983E-04 0.116076937E-02 0.275416998E-02 0.486009615E-02 0.771932816E-02
 0.116077205E-01 0.167858172E-01 0.234487783E-01 0.316937044E-01 0.415057167E-01
 0.527612977E-01 0.652538463E-01 0.787414983E-01 0.929984227E-01 0.107845984E+00
 0.123158664E+00 0.138855174E+00 0.154885232E+00 0.171217233E+00 0.187828064E+00
 0.204694778E+00 0.221787423E+00 0.239062369E+00 0.256455570E+00 0.273875624E+00
 0.291197032E+00 0.308254242E+00 0.324839234E+00 0.340704083E+00 0.355572432E+00
 0.369159967E+00 0.381201833E+00 0.391481906E+00 0.399857253E+00 0.406274080E+00
 0.410771728E+00 0.413474143E+00 0.414570391E+00 0.414288759E+00 0.412870377E+00
 0.899291486E-01 0.847733989E-01 0.794630274E-01 0.740158409E-01 0.685207695E-01
 0.630820543E-01 0.577346236E-01 0.524778068E-01 0.473127663E-01 0.422550216E-01
 0.373374075E-01 0.326090828E-01 0.281317290E-01 0.239735320E-01 0.202019885E-01
 0.168768894E-01 0.140445093E-01 0.117336949E-01 0.995419361E-02 0.869748555E-02
 0.794030447E-02 0.765071018E-02 0.779610174E-02 0.835208129E-02 0.931102224E-02
 0.106894728E-01 0.125336759E-01 0.149223004E-01 0.179648120E-01 0.217937045E-01
 0.265499968E-01 0.323640816E-01 0.393364727E-01 0.475231707E-01 0.569287166E-01
 0.675082207E-01 0.791780800E-01 0.918328315E-01 0.105363280E+00 0.119670883E+00
 0.134675696E+00 0.150318205E+00 0.166557178E+00 0.183365256E+00 0.200723559E+00
 0.218615845E+00 0.237022057E+00 0.255910635E+00 0.275229365E+00 0.294893265E+00
 0.314769924E+00 0.334661722E+00 0.354288399E+00 0.373276502E+00 0.391167998E+00
 0.407458514E+00 0.421662092E+00 0.433380544E+00 0.442357063E+00 0.448508084E+00
 0.451932937E+00 0.452896506E+00 0.451779515E+00 0.449010611E+00 0.445005387E+00
 0.938185900E-01 0.891354308E-01 0.843800232E-01 0.795284882E-01 0.745935142E-01
 0.696267337E-01 0.646707788E-01 0.597591698E-01 0.549218506E-01 0.501905829E-01
 0.456020758E-01 0.411987528E-01 0.370276757E-01 0.331382044E-01 0.295789503E-01
 0.263946000E-01 0.236232299E-01 0.212944578E-01 0.194287803E-01 0.180382133E-01
 0.171282701E-01 0.167010743E-01 0.167592894E-01 0.173103977E-01 0.183707736E-01
 0.199690983E-01 0.221485309E-01 0.249671228E-01 0.284958556E-01 0.328140967E-01
 0.380026549E-01 0.441355221E-01 0.512717403E-01 0.594491921E-01 0.686815158E-01
 0.789588094E-01 0.902519003E-01 0.102519140E+00 0.115714140E+00 0.129792839E+00
 0.144718751E+00 0.160466075E+00 0.177020654E+00 0.194379464E+00 0.212548837E+00
 0.231541649E+00 0.251373231E+00 0.272055566E+00 0.293588191E+00 0.315944135E+00
 0.339047045E+00 0.362735182E+00 0.386706680E+00 0.410448819E+00 0.433182210E+00
 0.453913748E+00 0.471658438E+00 0.485651165E+00 0.495420665E+00 0.500815868E+00
 0.502052128E+00 0.499735057E+00 0.494727790E+00 0.487897962E+00 0.479961425E+00
 0.979448929E-01 0.936448500E-01 0.892884657E-01 0.848300010E-01 0.802665055E-01
 0.756364614E-01 0.709787756E-01 0.663316399E-01 0.617326386E-01 0.572196841E-01
 0.528318100E-01 0.486095510E-01 0.445946306E-01 0.408291407E-01 0.373543352E-01
 0.342094079E-01 0.314303897E-01 0.290494934E-01 0.270949844E-01 0.255916733E-01
 0.245619807E-01 0.240274109E-01 0.240102243E-01 0.245350320E-01 0.256301593E-01
 0.273288190E-01 0.296699125E-01 0.326981768E-01 0.364632308E-01 0.410174392E-01
 0.464127325E-01 0.526969731E-01 0.599104501E-01 0.680831969E-01 0.772337019E-01
 0.873692855E-01 0.984880403E-01 0.110582039E+00 0.123641215E+00 0.137657374E+00
 0.152627707E+00 0.168557838E+00 0.185463950E+00 0.203374416E+00 0.222330943E+00
 0.242389336E+00 0.263619810E+00 0.286106646E+00 0.309946358E+00 0.335242540E+00
 0.362092584E+00 0.390556306E+00 0.420580000E+00 0.451818854E+00 0.483252078E+00
 0.512130976E+00 0.536009192E+00 0.553784728E+00 0.564767540E+00 0.568560183E+00
 0.565147579E+00 0.555868208E+00 0.543640316E+00 0.530152380E+00 0.516414583E+00
 0.102291308E+00 0.983037576E-01 0.942362323E-01 0.900427401E-01 0.857152939E-01
 0.812903866E-01 0.768075064E-01 0.723072663E-01 0.678303242E-01 0.634170175E-01
 0.591073893E-01 0.549412407E-01 0.509581529E-01 0.471973121E-01 0.436971970E-01
 0.404952727E-01 0.376277603E-01 0.351296254E-01 0.330348052E-01 0.313767567E-01
 0.301891509E-01 0.295065884E-01 0.293649398E-01 0.298008639E-01 0.308503900E-01
 0.325483978E-01 0.349291526E-01 0.380277820E-01 0.418807119E-01 0.465251245E-01
 0.519977398E-01 0.583332293E-01 0.655627176E-01 0.737126470E-01 0.828043297E-01
 0.928542465E-01 0.103875235E+00 0.115878314E+00 0.128875062E+00 0.142880335E+00
 0.157915011E+00 0.174008906E+00 0.191203713E+00 0.209556013E+00 0.229140848E+00
 0.250055969E+00 0.272427350E+00 0.296416581E+00 0.322231323E+00 0.350140691E+00
 0.380498618E+00 0.413782835E+00 0.450668544E+00 0.492209166E+00 0.539308965E+00
 0.581659675E+00 0.614708841E+00 0.638210118E+00 0.651627123E+00 0.653722703E+00
 0.644117892E+00 0.620983481E+00 0.595623314E+00 0.572179317E+00 0.550874591E+00
 0.106950998E+00 0.103212826E+00 0.993431583E-01 0.952983871E-01 0.910748616E-01
 0.867168680E-01 0.822714940E-01 0.777850449E-01 0.733017400E-01 0.688635930E-01
 0.645108446E-01 0.602823682E-01 0.562161058E-01 0.523493364E-01 0.487188511E-01
 0.453611314E-01 0.423125923E-01 0.396099389E-01 0.372907892E-01 0.353945307E-01
 0.339634307E-01 0.330438167E-01 0.326866433E-01 0.329453908E-01 0.338653326E-01
 0.354809687E-01 0.378165357E-01 0.408962108E-01 0.447453484E-01 0.493906401E-01
 0.548594072E-01 0.611787140E-01 0.683745518E-01 0.764712989E-01 0.854915902E-01
 0.954566151E-01 0.106386960E+00 0.118303850E+00 0.131230906E+00 0.145196170E+00
 0.160234466E+00 0.176390201E+00 0.193720460E+00 0.212298796E+00 0.232220024E+00
 0.253606260E+00 0.276615441E+00 0.301453114E+00 0.328389883E+00 0.357787699E+00
 0.390141368E+00 0.426146001E+00 0.466808200E+00 0.513609350E+00 0.568594515E+00
 0.625015855E+00 0.668251872E+00 0.698119700E+00 0.714908063E+00 0.718414187E+00
 0.706727087E+00 0.678755581E+00 0.639212310E+00 0.605509102E+00 0.577004015E+00
 0.112099469E+00 0.108577587E+00 0.104814745E+00 0.100771949E+00 0.964826494E-01
 0.920215473E-01 0.874537975E-01 0.828339979E-01 0.782087967E-01 0.736196414E-01
 0.691047385E-01 0.647003502E-01 0.604416318E-01 0.563631877E-01 0.524994619E-01
 0.488850772E-01 0.455552526E-01 0.425463058E-01 0.398964509E-01 0.376470871E-01
 0.358449817E-01 0.345462821E-01 0.338244960E-01 0.337875672E-01 0.344983302E-01
 0.359883234E-01 0.382352658E-01 0.412481651E-01 0.450408757E-01 0.496323518E-01
 0.550438426E-01 0.612978153E-01 0.684171170E-01 0.764245689E-01 0.853429064E-01
 0.951950476E-01 0.106004678E+00 0.117797241E+00 0.130601168E+00 0.144449562E+00
 0.159382001E+00 0.175447017E+00 0.192704752E+00 0.211230457E+00 0.231118768E+00
 0.252489299E+00 0.275493979E+00 0.300327063E+00 0.327238977E+00 0.356555074E+00
 0.388701856E+00 0.424241126E+00 0.463910669E+00 0.508663118E+00 0.559691072E+00
 0.618060887E+00 0.667280912E+00 0.701779127E+00 0.722081840E+00 0.728365004E+00
 0.721007705E+00 0.698077857E+00 0.659212410E+00 0.619598508E+00 0.587469757E+00
 0.118158095E+00 0.114903025E+00 0.111037128E+00 0.106683023E+00 0.102041684E+00
 0.972476155E-01 0.923736468E-01 0.874681026E-01 0.825691521E-01 0.777104050E-01
 0.729233995E-01 0.682387948E-01 0.636869520E-01 0.592983626E-01 0.551038533E-01
 0.511348099E-01 0.474233739E-01 0.440026931E-01 0.409071445E-01 0.381725803E-01
 0.358363874E-01 0.339369550E-01 0.325113907E-01 0.320033208E-01 0.324414372E-01
 0.339314416E-01 0.361023508E-01 0.390429199E-01 0.427550860E-01 0.472601950E-01
 0.525775999E-01 0.587281734E-01 0.657331645E-01 0.736141652E-01 0.823930725E-01
 0.920923799E-01 0.102735579E+00 0.114347890E+00 0.126957119E+00 0.140594825E+00
 0.155297667E+00 0.171108991E+00 0.188080817E+00 0.206275985E+00 0.225770876E+00
 0.246658564E+00 0.269052505E+00 0.293090940E+00 0.318941683E+00 0.346806973E+00
 0.376927406E+00 0.409582794E+00 0.445087761E+00 0.483780980E+00 0.526023805E+00
 0.572311699E+00 0.619710445E+00 0.652814209E+00 0.673518836E+00 0.682831347E+00
 0.680330098E+00 0.666977167E+00 0.641188145E+00 0.605951428E+00 0.577214777E+00
 0.125940800E+00 0.123361081E+00 0.118432865E+00 0.112963893E+00 0.107599355E+00
 0.102258772E+00 0.969304442E-01 0.916213170E-01 0.863459557E-01 0.811229944E-01
 0.759736225E-01 0.709208176E-01 0.659889281E-01 0.612034500E-01 0.565908514E-01
 0.521785431E-01 0.479947850E-01 0.440686569E-01 0.404299088E-01 0.371086225E-01
 0.341346711E-01 0.315367021E-01 0.297373291E-01 0.287820306E-01 0.287137665E-01
 0.295768250E-01 0.313997380E-01 0.343048610E-01 0.379037783E-01 0.422967263E-01
 0.474886782E-01 0.535031520E-01 0.603599660E-01 0.680795610E-01 0.766822249E-01
 0.861884430E-01 0.966192037E-01 0.107996382E+00 0.120343320E+00 0.133685455E+00
 0.148051068E+00 0.163472071E+00 0.179984838E+00 0.197631046E+00 0.216458350E+00
 0.236520872E+00 0.257879019E+00 0.280598432E+00 0.304747134E+00 0.330389261E+00
 0.357573539E+00 0.386312157E+00 0.416542888E+00 0.448059738E+00 0.480376661E+00
 0.512430549E+00 0.542059839E+00 0.566413999E+00 0.583794713E+00 0.593677044E+00
 0.596055567E+00 0.591301262E+00 0.580377758E+00 0.565377414E+00 0.549239397E+00
 0.132390007E+00 0.130109310E+00 0.124672540E+00 0.118553415E+00 0.112593316E+00
 0.106728524E+00 0.100926049E+00 0.951730385E-01 0.894694328E-01 0.838232189E-01
 0.782475546E-01 0.727590993E-01 0.673769936E-01 0.621221736E-01 0.570170097E-01
 0.520850681E-01 0.473509356E-01 0.428401269E-01 0.385788083E-01 0.345932841E-01
 0.309092887E-01 0.279309582E-01 0.257010143E-01 0.242629293E-01 0.236602686E-01
 0.239367019E-01 0.251357537E-01 0.273050573E-01 0.304764304E-01 0.347822197E-01
 0.398074985E-01 0.456577092E-01 0.523359179E-01 0.598641373E-01 0.682597980E-01
 0.775404647E-01 0.877230838E-01 0.988243520E-01 0.110860921E+00 0.123849601E+00
 0.137807563E+00 0.152752399E+00 0.168702140E+00 0.185674816E+00 0.203687742E+00
 0.222756088E+00 0.242890388E+00 0.264092535E+00 0.286349416E+00 0.309623122E+00
 0.333836019E+00 0.358848572E+00 0.384427071E+00 0.410198748E+00 0.435596913E+00
 0.459817559E+00 0.481850237E+00 0.500650346E+00 0.515384376E+00 0.525574148E+00
 0.531116009E+00 0.532266557E+00 0.529635429E+00 0.524131358E+00 0.516780078E+00
 0.137021348E+00 0.134796277E+00 0.129398063E+00 0.123020798E+00 0.116704747E+00
 0.110440932E+00 0.104218863E+00 0.980339870E-01 0.918879285E-01 0.857874900E-01
 0.797435045E-01 0.737698153E-01 0.678825155E-01 0.620993748E-01 0.564394966E-01
 0.509230904E-01 0.455715321E-01 0.404075943E-01 0.354557261E-01 0.307408497E-01
 0.266515948E-01 0.232278593E-01 0.205115173E-01 0.185456928E-01 0.173741952E-01
 0.170412101E-01 0.175911542E-01 0.190688726E-01 0.215191413E-01 0.249909442E-01
 0.295159295E-01 0.352328531E-01 0.416957401E-01 0.490119234E-01 0.571792349E-01
 0.662148818E-01 0.761304572E-01 0.869367942E-01 0.986430198E-01 0.111256629E+00
 0.124783278E+00 0.139226407E+00 0.154586658E+00 0.170860857E+00 0.188040629E+00
 0.206110120E+00 0.225042999E+00 0.244797990E+00 0.265312850E+00 0.286496222E+00
 0.308216989E+00 0.330291361E+00 0.352467865E+00 0.374413550E+00 0.395706981E+00
 0.415847272E+00 0.434290141E+00 0.450511009E+00 0.464078933E+00 0.474716783E+00
 0.482334167E+00 0.487033278E+00 0.489090562E+00 0.488912523E+00 0.486967713E+00
 0.140941769E+00 0.138730273E+00 0.133178800E+00 0.126602843E+00 0.120012209E+00
 0.113411114E+00 0.106804416E+00 0.100198545E+00 0.936019793E-01 0.870252997E-01
 0.804809034E-01 0.739826709E-01 0.675456747E-01 0.611858480E-01 0.549196750E-01
 0.487639606E-01 0.427359529E-01 0.368548147E-01 0.311475452E-01 0.259918068E-01
 0.214261599E-01 0.174913164E-01 0.142297130E-01 0.116850697E-01 0.990194920E-02
 0.892532803E-02 0.880023837E-02 0.957152527E-02 0.112836836E-01 0.139810108E-01
 0.177070387E-01 0.225091241E-01 0.284154862E-01 0.355681255E-01 0.434860550E-01
 0.522750951E-01 0.619240627E-01 0.724412724E-01 0.838278681E-01 0.960827321E-01
 0.109201081E+00 0.123174153E+00 0.137988314E+00 0.153624013E+00 0.170054227E+00
 0.187242448E+00 0.205139995E+00 0.223682627E+00 0.242786333E+00 0.262342304E+00
 0.282211393E+00 0.302218437E+00 0.322147936E+00 0.341742456E+00 0.360706478E+00
 0.378717989E+00 0.395449102E+00 0.410593599E+00 0.423896998E+00 0.435182184E+00
 0.444365531E+00 0.451461256E+00 0.456573129E+00 0.459875196E+00 0.461585283E+00
 0.144308954E+00 0.142063305E+00 0.136337399E+00 0.129562125E+00 0.122701034E+00
 0.115764268E+00 0.108767420E+00 0.101726755E+00 0.946583301E-01 0.875777751E-01
 0.805004016E-01 0.734413937E-01 0.664159656E-01 0.594392940E-01 0.525260791E-01
 0.456892587E-01 0.389367603E-01 0.322635360E-01 0.260652769E-01 0.203868765E-01
 0.152693503E-01 0.107541131E-01 0.688417908E-02 0.370417722E-02 0.125990447E-02
-0.402264472E-03-0.123597553E-02-0.119543448E-02-0.235845015E-03 0.168629480E-02
 0.461303256E-02 0.858516805E-02 0.136417393E-01 0.198250581E-01 0.271563698E-01
 0.357774682E-01 0.451681167E-01 0.554288514E-01 0.665353015E-01 0.784824044E-01
 0.912560448E-01 0.104837902E+00 0.119203724E+00 0.134322539E+00 0.150155440E+00
 0.166654125E+00 0.183759049E+00 0.201397315E+00 0.219480321E+00 0.237901241E+00
 0.256532699E+00 0.275225043E+00 0.293806046E+00 0.312082410E+00 0.329844236E+00
 0.346872985E+00 0.362952143E+00 0.377880305E+00 0.391484141E+00 0.403629571E+00
 0.414228916E+00 0.423243135E+00 0.430679232E+00 0.436583579E+00 0.441033036E+00
 0.147217244E+00 0.144883350E+00 0.139133319E+00 0.132143363E+00 0.124973498E+00
 0.117655732E+00 0.110222965E+00 0.102704287E+00 0.951235145E-01 0.875004381E-01
 0.798523501E-01 0.721951723E-01 0.645444542E-01 0.569161400E-01 0.493275933E-01
 0.417991690E-01 0.343569890E-01 0.270377602E-01 0.202283096E-01 0.139372572E-01
 0.819078926E-02 0.302480790E-02-0.151890819E-02-0.539488019E-02-0.855540484E-02
-0.109517146E-01-0.125349686E-01-0.132571189E-01-0.130716627E-01-0.119342441E-01
-0.980309770E-02-0.663928874E-02-0.240675616E-02 0.292807724E-02 0.939595606E-02
 0.170303788E-01 0.258419383E-01 0.359688736E-01 0.468473919E-01 0.585694499E-01
 0.710939392E-01 0.843990743E-01 0.984522924E-01 0.113215305E+00 0.128642261E+00
 0.144679084E+00 0.161262527E+00 0.178319156E+00 0.195764378E+00 0.213501513E+00
 0.231421113E+00 0.249400824E+00 0.267306119E+00 0.284992129E+00 0.302306652E+00
 0.319094568E+00 0.335202932E+00 0.350486636E+00 0.364813298E+00 0.378066927E+00
 0.390149772E+00 0.400982380E+00 0.410502583E+00 0.418664753E+00 0.425440788E+00
 0.150264531E+00 0.147790790E+00 0.141895905E+00 0.134653568E+00 0.127049044E+00
 0.119230777E+00 0.111269251E+00 0.103202261E+00 0.950540900E-01 0.868427232E-01
 0.785830617E-01 0.702885538E-01 0.619722195E-01 0.536473766E-01 0.453286618E-01
 0.370342806E-01 0.287921764E-01 0.209490452E-01 0.135417413E-01 0.660484564E-02
 0.176145899E-03-0.570213702E-02-0.109836459E-01-0.156187359E-01-0.195555128E-01
-0.227409396E-01-0.251219496E-01-0.266465191E-01-0.272646695E-01-0.269293543E-01
-0.255971905E-01-0.232289992E-01-0.197901074E-01-0.152503829E-01-0.958401058E-02
-0.276877033E-02 0.521392236E-02 0.143852821E-01 0.247422531E-01 0.364173725E-01
 0.487996414E-01 0.619709566E-01 0.758719966E-01 0.904636309E-01 0.105695076E+00
 0.121509746E+00 0.137843907E+00 0.154626966E+00 0.171781540E+00 0.189223394E+00
 0.206861421E+00 0.224598035E+00 0.242329940E+00 0.259949476E+00 0.277346432E+00
 0.294409931E+00 0.311030328E+00 0.327100515E+00 0.342516065E+00 0.357173562E+00
 0.370966941E+00 0.383782595E+00 0.395494372E+00 0.405963004E+00 0.415044248E+00
 0.155112192E+00 0.152989671E+00 0.145880684E+00 0.137446925E+00 0.129018620E+00
 0.120512396E+00 0.111917108E+00 0.103235140E+00 0.944721475E-01 0.856349170E-01
 0.767308474E-01 0.677677616E-01 0.587536208E-01 0.496956594E-01 0.405980721E-01
 0.314555503E-01 0.226301923E-01 0.141589195E-01 0.607804768E-02-0.157366262E-02
-0.875338353E-02-0.154137462E-01-0.215031188E-01-0.269663427E-01-0.317457430E-01
-0.357822999E-01-0.390169136E-01-0.413917042E-01-0.428512506E-01-0.433437973E-01
-0.428222604E-01-0.412450917E-01-0.385768525E-01-0.347885303E-01-0.298575126E-01
-0.237672068E-01-0.165063683E-01-0.806785654E-02 0.155179575E-02 0.123594655E-01
 0.243373346E-01 0.376126505E-01 0.515246876E-01 0.661464557E-01 0.814014003E-01
 0.972350761E-01 0.113582097E+00 0.130374283E+00 0.147541851E+00 0.165012926E+00
 0.182713449E+00 0.200567529E+00 0.218498334E+00 0.236429021E+00 0.254283875E+00
 0.271989137E+00 0.289473325E+00 0.306666493E+00 0.323497623E+00 0.339889050E+00
 0.355746716E+00 0.370944530E+00 0.385302097E+00 0.398561746E+00 0.410388917E+00
 0.158472851E+00 0.156373307E+00 0.148824394E+00 0.139629275E+00 0.130469456E+00
 0.121292241E+00 0.112060852E+00 0.102755435E+00 0.933663920E-01 0.838901922E-01
 0.743272230E-01 0.646806732E-01 0.549563393E-01 0.451635085E-01 0.353183858E-01
 0.254543852E-01 0.159224924E-01 0.672638370E-02-0.211111805E-02-0.105550578E-01
-0.185615588E-01-0.260795970E-01-0.330523103E-01-0.394182466E-01-0.451126695E-01
-0.500689894E-01-0.542202704E-01-0.575007945E-01-0.598476343E-01-0.612021536E-01
-0.615113862E-01-0.607291944E-01-0.588171929E-01-0.557453111E-01-0.514920168E-01
-0.460441113E-01-0.393961146E-01-0.315492563E-01-0.225100927E-01-0.122885657E-01
-0.897010788E-03 0.116578061E-01 0.253451560E-01 0.402906910E-01 0.557808317E-01
 0.718807653E-01 0.884945691E-01 0.105552293E+00 0.122993581E+00 0.140759394E+00
 0.158791229E+00 0.177032158E+00 0.195428059E+00 0.213928953E+00 0.232490256E+00
 0.251073658E+00 0.269647807E+00 0.288187981E+00 0.306674242E+00 0.325086772E+00
 0.343396246E+00 0.361544281E+00 0.379402399E+00 0.396667719E+00 0.412596852E+00
 0.160667986E+00 0.158484414E+00 0.150383100E+00 0.140760452E+00 0.131108105E+00
 0.121397354E+00 0.111607455E+00 0.101722173E+00 0.917303860E-01 0.816253573E-01
 0.714038610E-01 0.610651635E-01 0.506098419E-01 0.400374457E-01 0.293405224E-01
 0.188588072E-01 0.862428453E-02-0.133521855E-02-0.109868078E-01-0.202897470E-01
-0.291950516E-01-0.376459956E-01-0.455790460E-01-0.529250614E-01-0.596107319E-01
-0.655601770E-01-0.706967190E-01-0.749447495E-01-0.782316402E-01-0.804896355E-01
-0.816575736E-01-0.816824958E-01-0.805208683E-01-0.781394690E-01-0.745158866E-01
-0.696384385E-01-0.635057017E-01-0.561254472E-01-0.475131273E-01-0.376899354E-01
-0.266805049E-01-0.145101417E-01-0.120322779E-02 0.132252686E-01 0.287372582E-01
 0.454598963E-01 0.626008660E-01 0.801475123E-01 0.980785862E-01 0.116350792E+00
 0.134917781E+00 0.153737053E+00 0.172772780E+00 0.191997647E+00 0.211394534E+00
 0.230958402E+00 0.250698477E+00 0.270640612E+00 0.290829957E+00 0.311333656E+00
 0.332243860E+00 0.353681356E+00 0.375800371E+00 0.398781031E+00 0.421727687E+00
 0.161471680E+00 0.159092933E+00 0.150960758E+00 0.141029835E+00 0.130995721E+00
 0.120847903E+00 0.110573366E+00 0.100160792E+00 0.896015838E-01 0.788899586E-01
 0.680228621E-01 0.570000820E-01 0.458251983E-01 0.345088653E-01 0.230785832E-01
 0.118594244E-01 0.848798314E-03-0.993601792E-02-0.204636604E-01-0.306910351E-01
-0.405646041E-01-0.500214547E-01-0.589904152E-01-0.673934370E-01-0.751471147E-01
-0.821645781E-01-0.883574784E-01-0.936382115E-01-0.979222208E-01-0.101130307E+00
-0.103190817E+00-0.104041673E+00-0.103632025E+00-0.101923518E+00-0.988910496E-01
-0.945229381E-01-0.888204798E-01-0.817968994E-01-0.734756440E-01-0.638881549E-01
-0.530709997E-01-0.410624854E-01-0.278985109E-01-0.136070242E-01 0.179863081E-02
 0.183395483E-01 0.360619314E-01 0.541814044E-01 0.727629885E-01 0.917111933E-01
 0.110967666E+00 0.130494446E+00 0.150268033E+00 0.170278177E+00 0.190528974E+00
 0.211041495E+00 0.231857553E+00 0.253045052E+00 0.274705172E+00 0.296982646E+00
 0.320080608E+00 0.344284117E+00 0.370001495E+00 0.397850126E+00 0.426582754E+00
 0.161718115E+00 0.159140050E+00 0.150822818E+00 0.140631691E+00 0.130283132E+00
 0.119763128E+00 0.109058470E+00 0.981608108E-01 0.870647505E-01 0.757665634E-01
 0.642633885E-01 0.525524318E-01 0.406291001E-01 0.284814946E-01 0.164263472E-01
 0.448472938E-02-0.732402829E-02-0.189732853E-01-0.304259975E-01-0.416338407E-01
-0.525372773E-01-0.630661249E-01-0.731405392E-01-0.826722980E-01-0.915665403E-01
-0.997237116E-01-0.107041933E+00-0.113419570E+00-0.118757926E+00-0.122964077E+00
-0.125953585E+00-0.127653003E+00-0.128002077E+00-0.126955420E+00-0.124483660E+00
-0.120573811E+00-0.115229003E+00-0.108467408E+00-0.100320458E+00-0.908303857E-01
-0.800471604E-01-0.680249631E-01-0.548183434E-01-0.404782929E-01-0.250489414E-01
-0.856612995E-02 0.893601961E-02 0.274079815E-01 0.469878279E-01 0.668249279E-01
 0.869097263E-01 0.107230768E+00 0.127781898E+00 0.148566782E+00 0.169602558E+00
 0.190923989E+00 0.212588385E+00 0.234682277E+00 0.257330298E+00 0.280707687E+00
 0.305057108E+00 0.330710828E+00 0.358115345E+00 0.387845546E+00 0.419245631E+00
 0.161724478E+00 0.158969611E+00 0.150090635E+00 0.139729455E+00 0.129150599E+00
 0.118313007E+00 0.107213967E+00 0.958567709E-01 0.842437595E-01 0.723756328E-01
 0.602523945E-01 0.478752144E-01 0.352502577E-01 0.223985314E-01 0.962125976E-02
-0.309438608E-02-0.157401394E-01-0.282916799E-01-0.407103784E-01-0.529439859E-01
-0.649271682E-01-0.765821710E-01-0.878198072E-01-0.985407978E-01-0.108637601E+00
-0.117996573E+00-0.126500636E+00-0.134032220E+00-0.140476450E+00-0.145724550E+00
-0.149677068E+00-0.152247146E+00-0.153363094E+00-0.152970791E+00-0.151035085E+00
-0.147540644E+00-0.142491728E+00-0.135911196E+00-0.127838641E+00-0.118327685E+00
-0.107442595E+00-0.952544585E-01-0.818369389E-01-0.672619045E-01-0.515950583E-01
-0.348915495E-01-0.171910431E-01 0.149089808E-02 0.211833399E-01 0.419451073E-01
 0.629007593E-01 0.840398595E-01 0.105358422E+00 0.126861483E+00 0.148565903E+00
 0.170503810E+00 0.192726523E+00 0.215309963E+00 0.238361597E+00 0.262030423E+00
 0.286521405E+00 0.312117904E+00 0.339216858E+00 0.368381500E+00 0.399171531E+00
 0.160104886E+00 0.156762913E+00 0.148808718E+00 0.138667628E+00 0.127898932E+00
 0.116729900E+00 0.105223246E+00 0.934020579E-01 0.812742859E-01 0.688406229E-01
 0.560972840E-01 0.430360362E-01 0.296398308E-01 0.162068568E-01 0.274421484E-02
-0.107412282E-01-0.242336057E-01-0.377045274E-01-0.511116199E-01-0.643979982E-01
-0.774921998E-01-0.903085917E-01-0.102748200E+00-0.114700057E+00-0.126043051E+00
-0.136648372E+00-0.146382362E+00-0.155109942E+00-0.162698343E+00-0.169021055E+00
-0.173961759E+00-0.177418232E+00-0.179305673E+00-0.179559588E+00-0.178137854E+00
-0.175021753E+00-0.170216143E+00-0.163748398E+00-0.155666426E+00-0.146035746E+00
-0.134935662E+00-0.122454956E+00-0.108687051E+00-0.937249586E-01-0.776561350E-01
-0.605571568E-01-0.424882472E-01-0.234873667E-01-0.356435636E-02 0.173012726E-01
 0.391634554E-01 0.611336790E-01 0.832014903E-01 0.105363809E+00 0.127626330E+00
 0.150005117E+00 0.172528535E+00 0.195239037E+00 0.218195140E+00 0.241473585E+00
 0.265172035E+00 0.289413512E+00 0.314358562E+00 0.340259641E+00 0.367099673E+00
 0.161490649E+00 0.158406675E+00 0.149275392E+00 0.138191268E+00 0.126854688E+00
 0.115205377E+00 0.103230812E+00 0.909261182E-01 0.782855451E-01 0.653019547E-01
 0.519685075E-01 0.382829010E-01 0.242576785E-01 0.101742847E-01-0.399464183E-02
-0.182545651E-01-0.325935856E-01-0.469835699E-01-0.613802001E-01-0.757227466E-01
-0.899340287E-01-0.103920691E+00-0.117573954E+00-0.130770922E+00-0.143376485E+00
-0.155245990E+00-0.166228354E+00-0.176169917E+00-0.184918746E+00-0.192329213E+00
-0.198266685E+00-0.202612102E+00-0.205266118E+00-0.206152663E+00-0.205221519E+00
-0.202449858E+00-0.197842583E+00-0.191431418E+00-0.183272719E+00-0.173444256E+00
-0.162040994E+00-0.149170190E+00-0.134945974E+00-0.119483702E+00-0.102894314E+00
-0.852786824E-01-0.667223483E-01-0.472904705E-01-0.270234384E-01-0.593317626E-02
 0.160003453E-01 0.388329066E-01 0.616551079E-01 0.844513029E-01 0.107210472E+00
 0.129926667E+00 0.152599066E+00 0.175230369E+00 0.197823346E+00 0.220374629E+00
 0.242863581E+00 0.265230745E+00 0.287333280E+00 0.308847070E+00 0.329104781E+00
 0.162222192E+00 0.159093797E+00 0.149273574E+00 0.137654692E+00 0.125812739E+00
 0.113693401E+00 0.101262271E+00 0.884933844E-01 0.753645375E-01 0.618538260E-01
 0.479365550E-01 0.335806832E-01 0.190732200E-01 0.440567732E-02-0.104304003E-01
-0.254341960E-01-0.405915454E-01-0.558727607E-01-0.712312832E-01-0.866027921E-01
-0.101904787E+00-0.117036566E+00-0.131879881E+00-0.146300092E+00-0.160148218E+00
-0.173263639E+00-0.185477600E+00-0.196617499E+00-0.206511661E+00-0.214994609E+00
-0.221912608E+00-0.227128878E+00-0.230528697E+00-0.232023552E+00-0.231554404E+00
-0.229093716E+00-0.224646017E+00-0.218247116E+00-0.209961727E+00-0.199879974E+00
-0.188112706E+00-0.174785972E+00-0.160035029E+00-0.143998101E+00-0.126810193E+00
-0.108597152E+00-0.894702747E-01-0.695214495E-01-0.488190167E-01-0.274042357E-01
-0.528826751E-02 0.175506696E-01 0.411702953E-01 0.646265373E-01 0.878898129E-01
 0.110931933E+00 0.133727983E+00 0.156251818E+00 0.178469524E+00 0.200331062E+00
 0.221758932E+00 0.242632732E+00 0.262769371E+00 0.281905442E+00 0.299700111E+00
 0.161666676E+00 0.158355907E+00 0.148650825E+00 0.136756614E+00 0.124584571E+00
 0.112112612E+00 0.993111655E-01 0.861517638E-01 0.726072490E-01 0.586509332E-01
 0.442557037E-01 0.293935295E-01 0.143594462E-01-0.882667315E-03-0.163528025E-01
-0.320555121E-01-0.479791537E-01-0.640947372E-01-0.803547576E-01-0.966922566E-01
-0.113020197E+00-0.129231319E+00-0.145198599E+00-0.160776392E+00-0.175802499E+00
-0.190100938E+00-0.203485847E+00-0.215766028E+00-0.226750389E+00-0.236253873E+00
-0.244103581E+00-0.250145048E+00-0.254247963E+00-0.256311148E+00-0.256266475E+00
-0.254081279E+00-0.249759421E+00-0.243340343E+00-0.234896779E+00-0.224530801E+00
-0.212368652E+00-0.198554724E+00-0.183244824E+00-0.166599348E+00-0.148776561E+00
-0.129926160E+00-0.110183679E+00-0.896655172E-01-0.684649274E-01-0.466488488E-01
-0.242556445E-01-0.129354966E-02 0.222602971E-01 0.464607999E-01 0.703058466E-01
 0.937381163E-01 0.116723880E+00 0.139230147E+00 0.161214113E+00 0.182616487E+00
 0.203355864E+00 0.223323748E+00 0.242381305E+00 0.260361314E+00 0.277078599E+00
 0.161055386E+00 0.157619506E+00 0.147674307E+00 0.135584146E+00 0.123196296E+00
 0.110482030E+00 0.974110141E-01 0.839538276E-01 0.700822398E-01 0.557686165E-01
 0.409852117E-01 0.257036705E-01 0.102070030E-01-0.554590439E-02-0.215802323E-01
-0.379045755E-01-0.545099452E-01-0.713685676E-01-0.884326547E-01-0.105633341E+00
-0.122879907E+00-0.140059456E+00-0.157037273E+00-0.173657879E+00-0.189747110E+00
-0.205115005E+00-0.219559923E+00-0.232873514E+00-0.244846568E+00-0.255275607E+00
-0.263969809E+00-0.270757884E+00-0.275494635E+00-0.278066695E+00-0.278397083E+00
-0.276448071E+00-0.272222430E+00-0.265762776E+00-0.257149041E+00-0.246494189E+00
-0.233938619E+00-0.219643518E+00-0.203783587E+00-0.186539412E+00-0.168090269E+00
-0.148607165E+00-0.128246799E+00-0.107146345E+00-0.854194164E-01-0.631529316E-01
-0.404053330E-01-0.172062796E-01 0.644131750E-02 0.305546857E-01 0.551547594E-01
 0.790647790E-01 0.102323517E+00 0.124928378E+00 0.146850705E+00 0.168042004E+00
 0.188436210E+00 0.207951099E+00 0.226490393E+00 0.243948236E+00 0.260216594E+00
 0.160163537E+00 0.156611979E+00 0.146396071E+00 0.134208381E+00 0.121718720E+00
 0.108873107E+00 0.956347734E-01 0.819743723E-01 0.678658187E-01 0.532835796E-01
 0.382010974E-01 0.225897096E-01 0.672138343E-02-0.944729429E-02-0.259443577E-01
-0.427810252E-01-0.599502623E-01-0.774253011E-01-0.951582417E-01-0.113078773E+00
-0.131093249E+00-0.149084195E+00-0.166910544E+00-0.184408590E+00-0.201394051E+00
-0.217665106E+00-0.233006597E+00-0.247195348E+00-0.260006517E+00-0.271220595E+00
-0.280630976E+00-0.288051605E+00-0.293324143E+00-0.296324313E+00-0.296967059E+00
-0.295209974E+00-0.291054606E+00-0.284545988E+00-0.275769949E+00-0.264848679E+00
-0.251934558E+00-0.237203076E+00-0.220844850E+00-0.203057587E+00-0.184038058E+00
-0.163974851E+00-0.143041730E+00-0.121392064E+00-0.991542414E-01-0.764279738E-01
-0.532812364E-01-0.297474917E-01-0.582234515E-02 0.185416173E-01 0.434443466E-01
 0.676539168E-01 0.911553949E-01 0.113921158E+00 0.135914281E+00 0.157088801E+00
 0.177389830E+00 0.196754426E+00 0.215113640E+00 0.232396170E+00 0.248533025E+00
 0.158396646E+00 0.154626787E+00 0.144720957E+00 0.132681713E+00 0.120263204E+00
 0.107406624E+00 0.940936059E-01 0.803118348E-01 0.660461411E-01 0.512777492E-01
 0.359847099E-01 0.201409906E-01 0.400849013E-02-0.124592325E-01-0.292928088E-01
-0.465054251E-01-0.640913695E-01-0.820244923E-01-0.100256719E+00-0.118716627E+00
-0.137308374E+00-0.155911058E+00-0.174378827E+00-0.192541763E+00-0.210207880E+00
-0.227166221E+00-0.243191272E+00-0.258048385E+00-0.271500498E+00-0.283315539E+00
-0.293274581E+00-0.301179796E+00-0.306862354E+00-0.310189247E+00-0.311068892E+00
-0.309454709E+00-0.305347085E+00-0.298792511E+00-0.289881200E+00-0.278742045E+00
-0.265536457E+00-0.250450701E+00-0.233687401E+00-0.215457052E+00-0.195969597E+00
-0.175426647E+00-0.154014558E+00-0.131898582E+00-0.109217964E+00-0.860821009E-01
-0.625670552E-01-0.387120247E-01-0.145141706E-01 0.100808609E-01 0.351988710E-01
 0.597197451E-01 0.835209265E-01 0.106537528E+00 0.128723323E+00 0.150034681E+00
 0.170424819E+00 0.189842552E+00 0.208233789E+00 0.225544170E+00 0.241722718E+00
 0.156128168E+00 0.151847795E+00 0.142856076E+00 0.131416798E+00 0.119140163E+00
 0.106292583E+00 0.929332450E-01 0.790735185E-01 0.647065789E-01 0.498179272E-01
 0.343929119E-01 0.184279010E-01 0.215676124E-02-0.144745382E-01-0.314989984E-01
-0.489304960E-01-0.667634457E-01-0.849715844E-01-0.103506386E+00-0.122295558E+00
-0.141241804E+00-0.160222054E+00-0.179087460E+00-0.197664216E+00-0.215755492E+00
-0.233144626E+00-0.249599442E+00-0.264878005E+00-0.278735399E+00-0.290931463E+00
-0.301239133E+00-0.309452921E+00-0.315396994E+00-0.318932414E+00-0.319963008E+00
-0.318439245E+00-0.314360231E+00-0.307773024E+00-0.298770100E+00-0.287484258E+00
-0.274082214E+00-0.258756548E+00-0.241717115E+00-0.223182067E+00-0.203369185E+00
-0.182487860E+00-0.160731956E+00-0.138273925E+00-0.115260176E+00-0.918076560E-01
-0.680019036E-01-0.438966043E-01-0.195153337E-01 0.514280377E-02 0.300896317E-01
 0.553170182E-01 0.796062201E-01 0.102995187E+00 0.125485688E+00 0.147057340E+00
 0.167675331E+00 0.187295482E+00 0.205868423E+00 0.223343700E+00 0.239673823E+00
 0.157289803E+00 0.153471261E+00 0.143365368E+00 0.131187439E+00 0.118648507E+00
 0.105676927E+00 0.922438800E-01 0.783275068E-01 0.639018863E-01 0.489332937E-01
 0.333764441E-01 0.174871050E-01 0.123526016E-02-0.154092722E-01-0.324684158E-01
-0.499508269E-01-0.678484440E-01-0.861337781E-01-0.104757600E+00-0.123647086E+00
-0.142704353E+00-0.161805600E+00-0.180800945E+00-0.199515283E+00-0.217750177E+00
-0.235286906E+00-0.251891017E+00-0.267317891E+00-0.281319767E+00-0.293653399E+00
-0.304088593E+00-0.312416822E+00-0.318459362E+00-0.322074652E+00-0.323164284E+00
-0.321677148E+00-0.317611068E+00-0.311012715E+00-0.301974505E+00-0.290629953E+00
-0.277146816E+00-0.261719167E+00-0.244558543E+00-0.225884974E+00-0.205918074E+00
-0.184868902E+00-0.162932798E+00-0.140283301E+00-0.117067523E+00-0.934026688E-01
-0.693741143E-01-0.450349748E-01-0.204079952E-01 0.450876774E-02 0.297283847E-01
 0.552443117E-01 0.798386037E-01 0.103547700E+00 0.126370445E+00 0.148281857E+00
 0.169240713E+00 0.189194560E+00 0.208084181E+00 0.225848079E+00 0.242427528E+00
 0.157393470E+00 0.153639942E+00 0.143490911E+00 0.131138369E+00 0.118464038E+00
 0.105424620E+00 0.919770971E-01 0.780830756E-01 0.637046546E-01 0.488002934E-01
 0.333198048E-01 0.175158493E-01 0.135687948E-02-0.151880914E-01-0.321413726E-01
-0.495117940E-01-0.672914013E-01-0.854528174E-01-0.103947058E+00-0.122701697E+00
-0.141619474E+00-0.160577402E+00-0.179426759E+00-0.197993830E+00-0.216081828E+00
-0.233473971E+00-0.249937907E+00-0.265231282E+00-0.279108584E+00-0.291328877E+00
-0.301664054E+00-0.309907317E+00-0.315881401E+00-0.319445670E+00-0.320502043E+00
-0.318999082E+00-0.314933717E+00-0.308350980E+00-0.299341083E+00-0.288034737E+00
-0.274596483E+00-0.259216756E+00-0.242103189E+00-0.223471582E+00-0.203537151E+00
-0.182506412E+00-0.160569787E+00-0.137895599E+00-0.114624888E+00-0.908673927E-01
-0.666981563E-01-0.421541296E-01-0.172293428E-01 0.813413411E-02 0.340657793E-01
 0.594537184E-01 0.841756240E-01 0.108163066E+00 0.131361872E+00 0.153715268E+00
 0.175157309E+00 0.195611313E+00 0.214991644E+00 0.233207971E+00 0.250171572E+00
 0.157396615E+00 0.153739259E+00 0.143271416E+00 0.130937427E+00 0.118311241E+00
 0.105348654E+00 0.920113698E-01 0.782616138E-01 0.640635639E-01 0.493847355E-01
 0.341992080E-01 0.184964985E-01 0.250694668E-02-0.138249518E-01-0.305327903E-01
-0.476306118E-01-0.651129186E-01-0.829536989E-01-0.101105049E+00-0.119495817E+00
-0.138030469E+00-0.156588465E+00-0.175024256E+00-0.193168148E+00-0.210828245E+00
-0.227793485E+00-0.243837878E+00-0.258726060E+00-0.272219837E+00-0.284085572E+00
-0.294102252E+00-0.302069604E+00-0.307815880E+00-0.311204702E+00-0.312140882E+00
-0.310573906E+00-0.306500047E+00-0.299961656E+00-0.291044593E+00-0.279873580E+00
-0.266605824E+00-0.251423210E+00-0.234524086E+00-0.216114327E+00-0.196398899E+00
-0.175573841E+00-0.153819129E+00-0.131292462E+00-0.108124293E+00-0.844137222E-01
-0.602252670E-01-0.355862789E-01-0.104843713E-01 0.151361320E-01 0.413818136E-01
 0.670368299E-01 0.920876265E-01 0.116503157E+00 0.140236571E+00 0.163223132E+00
 0.185377628E+00 0.206593126E+00 0.226742342E+00 0.245682985E+00 0.263267875E+00
 0.156341851E+00 0.152719185E+00 0.142690077E+00 0.130518883E+00 0.118079163E+00
 0.105332874E+00 0.922370851E-01 0.787513331E-01 0.648385957E-01 0.504648946E-01
 0.355984196E-01 0.202073045E-01 0.455095386E-02-0.114172101E-01-0.277273338E-01
-0.443919711E-01-0.614049882E-01-0.787403136E-01-0.963506922E-01-0.114166439E+00
-0.132094547E+00-0.150018170E+00-0.167796761E+00-0.185267031E+00-0.202244863E+00
-0.218528271E+00-0.233901560E+00-0.248140484E+00-0.261018544E+00-0.272313982E+00
-0.281817228E+00-0.289338619E+00-0.294715554E+00-0.297818929E+00-0.298558354E+00
-0.296885669E+00-0.292796463E+00-0.286329597E+00-0.277564734E+00-0.266617805E+00
-0.253634989E+00-0.238785565E+00-0.222253755E+00-0.204230532E+00-0.184905455E+00
-0.164458916E+00-0.143055290E+00-0.120836861E+00-0.979188308E-01-0.743853375E-01
-0.502866618E-01-0.256380886E-01-0.422332407E-03 0.253993906E-01 0.518530533E-01
 0.777834579E-01 0.103233062E+00 0.128201723E+00 0.152657434E+00 0.176536918E+00
 0.199741095E+00 0.222129032E+00 0.243513584E+00 0.263663948E+00 0.282320827E+00
 0.155043945E+00 0.151482210E+00 0.141648293E+00 0.129772797E+00 0.117684796E+00
 0.105313189E+00 0.926006138E-01 0.795036703E-01 0.659870058E-01 0.520193726E-01
 0.375711620E-01 0.226127505E-01 0.741718290E-02-0.805593003E-02-0.238319039E-01
-0.399198011E-01-0.563112274E-01-0.729790628E-01-0.898762569E-01-0.106934734E+00
-0.124064602E+00-0.141153812E+00-0.158068389E+00-0.174653426E+00-0.190735042E+00
-0.206123143E+00-0.220615447E+00-0.234002277E+00-0.246072382E+00-0.256619394E+00
-0.265448749E+00-0.272384554E+00-0.277276158E+00-0.280003995E+00-0.280484200E+00
-0.278671712E+00-0.274561673E+00-0.268188715E+00-0.259624839E+00-0.248974979E+00
-0.236371592E+00-0.221967891E+00-0.205930367E+00-0.188431069E+00-0.169639930E+00
-0.149717510E+00-0.128808245E+00-0.107034557E+00-0.844916105E-01-0.612424575E-01
-0.373129807E-01-0.126851276E-01 0.127151888E-01 0.390440039E-01 0.652503967E-01
 0.912681073E-01 0.117079422E+00 0.142675340E+00 0.168035686E+00 0.193114206E+00
 0.217821598E+00 0.242002964E+00 0.265409112E+00 0.287670732E+00 0.308302432E+00
 0.153068453E+00 0.149512365E+00 0.139791444E+00 0.128567606E+00 0.117112957E+00
 0.105310678E+00 0.931238532E-01 0.805300251E-01 0.675090328E-01 0.540402494E-01
 0.401018634E-01 0.256708618E-01 0.110357441E-01-0.383781129E-02-0.189696867E-01
-0.343646221E-01-0.500112660E-01-0.658810362E-01-0.819270387E-01-0.980830938E-01
-0.114263088E+00-0.130360737E+00-0.146249950E+00-0.161785826E+00-0.176806569E+00
-0.191136166E+00-0.204588026E+00-0.216969490E+00-0.228087097E+00-0.237752408E+00
-0.245788142E+00-0.252034366E+00-0.256354302E+00-0.258639365E+00-0.258813322E+00
-0.256834775E+00-0.252698362E+00-0.246434182E+00-0.238105446E+00-0.227804735E+00
-0.215648890E+00-0.201772839E+00-0.186322808E+00-0.169449195E+00-0.151299402E+00
-0.132011086E+00-0.111705765E+00-0.904833376E-01-0.684172139E-01-0.455504991E-01
-0.218932014E-01 0.257910928E-02 0.279233847E-01 0.542176999E-01 0.803889409E-01
 0.106530949E+00 0.132707134E+00 0.158968598E+00 0.185357079E+00 0.211899415E+00
 0.238592863E+00 0.265374601E+00 0.292056859E+00 0.318183810E+00 0.342795044E+00
 0.149280846E+00 0.145335406E+00 0.137296796E+00 0.127319932E+00 0.116672054E+00
 0.105522871E+00 0.939255729E-01 0.818958357E-01 0.694334880E-01 0.565298088E-01
 0.431704819E-01 0.293373354E-01 0.153340371E-01 0.113404565E-02-0.132754548E-01
-0.278939977E-01-0.427069589E-01-0.576843880E-01-0.727798864E-01-0.879297331E-01
-0.103052333E+00-0.118048087E+00-0.132799819E+00-0.147173867E+00-0.161021814E+00
-0.174183115E+00-0.186488360E+00-0.197763354E+00-0.207833871E+00-0.216530725E+00
-0.223695204E+00-0.229184449E+00-0.232876420E+00-0.234674320E+00-0.234509885E+00
-0.232345685E+00-0.228175908E+00-0.222025737E+00-0.213949203E+00-0.204025805E+00
-0.192355871E+00-0.179054990E+00-0.164247900E+00-0.148061886E+00-0.130620211E+00
-0.112035617E+00-0.924042091E-01-0.717998669E-01-0.502693951E-01-0.278285947E-01
-0.445938064E-02 0.198930111E-01 0.453273579E-01 0.709291399E-01 0.967154801E-01
 0.122741997E+00 0.149087071E+00 0.175848767E+00 0.203145906E+00 0.231121048E+00
 0.259944618E+00 0.289821804E+00 0.321010441E+00 0.353900552E+00 0.388485461E+00
 0.148464486E+00 0.144825399E+00 0.136769205E+00 0.127011552E+00 0.116814703E+00
 0.106183194E+00 0.951295048E-01 0.836620852E-01 0.717824623E-01 0.594853908E-01
 0.467585288E-01 0.335795470E-01 0.202443227E-01 0.675472803E-02-0.689004594E-02
-0.206839871E-01-0.346100368E-01-0.486378781E-01-0.627225861E-01-0.768038034E-01
-0.908052847E-01-0.104634933E+00-0.118185319E+00-0.131334752E+00-0.143949002E+00
-0.155883610E+00-0.166986972E+00-0.177103907E+00-0.186079800E+00-0.193765074E+00
-0.200019822E+00-0.204718336E+00-0.207753435E+00-0.209039956E+00-0.208517700E+00
-0.206153080E+00-0.201939732E+00-0.195897877E+00-0.188072354E+00-0.178529516E+00
-0.167353213E+00-0.154639781E+00-0.140492499E+00-0.125015676E+00-0.108308434E+00
-0.904584005E-01-0.715353638E-01-0.515849963E-01-0.306227859E-01-0.862925965E-02
 0.144507056E-01 0.386968516E-01 0.632305443E-01 0.880759880E-01 0.113279365E+00
 0.138914853E+00 0.165087745E+00 0.191939637E+00 0.219657227E+00 0.248486280E+00
 0.278752863E+00 0.310896665E+00 0.345523208E+00 0.383481234E+00 0.424151361E+00
 0.148110673E+00 0.144694448E+00 0.136747748E+00 0.127284631E+00 0.117465772E+00
 0.107281096E+00 0.967294797E-01 0.858108178E-01 0.745244622E-01 0.628689602E-01
 0.508433282E-01 0.384510532E-01 0.257103685E-01 0.129129980E-01 0.382608050E-04
-0.129149407E-01-0.259326212E-01-0.389868319E-01-0.520357192E-01-0.650233552E-01
-0.778796598E-01-0.905206874E-01-0.102849208E+00-0.114755854E+00-0.126120716E+00
-0.136815503E+00-0.146706253E+00-0.155656502E+00-0.163530797E+00-0.170198619E+00
-0.175538182E+00-0.179440320E+00-0.181811944E+00-0.182579041E+00-0.181688875E+00
-0.179111391E+00-0.174839556E+00-0.168888643E+00-0.161294535E+00-0.152110979E+00
-0.141406015E+00-0.129257679E+00-0.115749113E+00-0.100963242E+00-0.849772096E-01
-0.678562447E-01-0.496470556E-01-0.303696934E-01-0.100065982E-01 0.115140676E-01
 0.343446024E-01 0.575415678E-01 0.810927376E-01 0.105024822E+00 0.129393086E+00
 0.154281124E+00 0.179805234E+00 0.206122473E+00 0.233442992E+00 0.262047887E+00
 0.292314678E+00 0.324751645E+00 0.360036731E+00 0.399042219E+00 0.440848529E+00
 0.147714272E+00 0.144486889E+00 0.136986136E+00 0.127859414E+00 0.118422784E+00
 0.108676851E+00 0.986174345E-01 0.882413834E-01 0.775461122E-01 0.665288866E-01
 0.551859923E-01 0.435108095E-01 0.314885266E-01 0.194262527E-01 0.733659975E-02
-0.477057649E-02-0.168785919E-01-0.289603416E-01-0.409769081E-01-0.528770685E-01
-0.645972416E-01-0.760618299E-01-0.871839002E-01-0.978662819E-01-0.108003058E+00
-0.117481567E+00-0.126184717E+00-0.133993775E+00-0.140791386E+00-0.146464795E+00
-0.150909051E+00-0.154030234E+00-0.155748159E+00-0.155998886E+00-0.154736340E+00
-0.151933417E+00-0.147582099E+00-0.141692802E+00-0.134292826E+00-0.125423938E+00
-0.115139395E+00-0.103500232E+00-0.905711800E-01-0.764162540E-01-0.610941574E-01
-0.446536876E-01-0.271291770E-01-0.853585545E-02 0.111373980E-01 0.319442414E-01
 0.539512634E-01 0.761491209E-01 0.986311287E-01 0.121465206E+00 0.144718304E+00
 0.168469906E+00 0.192821637E+00 0.217906311E+00 0.243898854E+00 0.271030873E+00
 0.299612522E+00 0.330067903E+00 0.363001466E+00 0.399343252E+00 0.437349766E+00
 0.147632837E+00 0.144643888E+00 0.137353197E+00 0.128562331E+00 0.119523652E+00
 0.110226892E+00 0.100665651E+00 0.908362642E-01 0.807368383E-01 0.703664646E-01
 0.597250648E-01 0.488142632E-01 0.376407579E-01 0.262261629E-01 0.148824975E-01
 0.359697104E-02-0.762308761E-02-0.187557600E-01-0.297666974E-01-0.406100228E-01
-0.512288883E-01-0.615560338E-01-0.715145543E-01-0.810189769E-01-0.899766609E-01
-0.982895344E-01-0.105856165E+00-0.112574123E+00-0.118342504E+00-0.123064607E+00
-0.126650631E+00-0.129020125E+00-0.130104348E+00-0.129847988E+00-0.128210604E+00
-0.125167266E+00-0.120708607E+00-0.114840090E+00-0.107580654E+00-0.989606604E-01
-0.890192986E-01-0.778015107E-01-0.653546080E-01-0.517246015E-01-0.369523913E-01
-0.210702680E-01-0.410039909E-02 0.139381979E-01 0.330112502E-01 0.532790571E-01
 0.738519803E-01 0.947215930E-01 0.115899637E+00 0.137408167E+00 0.159278631E+00
 0.181553751E+00 0.204290181E+00 0.227561265E+00 0.251459718E+00 0.276099861E+00
 0.301618665E+00 0.328174710E+00 0.355938554E+00 0.385024160E+00 0.414030373E+00
 0.147436708E+00 0.144679546E+00 0.137646034E+00 0.129237503E+00 0.120632067E+00
 0.111805722E+00 0.102752946E+00 0.934743509E-01 0.839719474E-01 0.742472187E-01
 0.643004179E-01 0.541296974E-01 0.437290668E-01 0.330825225E-01 0.225150995E-01
 0.120433178E-01 0.168554601E-02-0.853355229E-02-0.185811687E-01-0.284156371E-01
-0.379863046E-01-0.472338088E-01-0.560907088E-01-0.644824430E-01-0.723285675E-01
-0.795443058E-01-0.860423073E-01-0.917346627E-01-0.965350270E-01-0.100360796E+00
-0.103135265E+00-0.104789630E+00-0.105264723E+00-0.104512461E+00-0.102496773E+00
-0.991940424E-01-0.945929959E-01-0.886939690E-01-0.815076157E-01-0.730530769E-01
-0.633557737E-01-0.524448231E-01-0.403502770E-01-0.270999316E-01-0.127151478E-01
 0.279765250E-02 0.194683708E-01 0.373545401E-01 0.556526519E-01 0.744360387E-01
 0.936083645E-01 0.113112122E+00 0.132912934E+00 0.152990729E+00 0.173335165E+00
 0.193943113E+00 0.214816749E+00 0.235960916E+00 0.257378370E+00 0.279061109E+00
 0.300974131E+00 0.323025078E+00 0.345004946E+00 0.366457194E+00 0.386393100E+00
 0.146683037E+00 0.144056663E+00 0.137636542E+00 0.129789501E+00 0.121676080E+00
 0.113328248E+00 0.104777679E+00 0.960427225E-01 0.871335045E-01 0.780555159E-01
 0.688117296E-01 0.594038107E-01 0.498332977E-01 0.401036516E-01 0.302258637E-01
 0.205052756E-01 0.109549686E-01 0.159537233E-02-0.754546374E-02-0.164315961E-01
-0.250191074E-01-0.332564451E-01-0.410850830E-01-0.484404340E-01-0.552530102E-01
-0.614497922E-01-0.669557527E-01-0.716955736E-01-0.755953863E-01-0.785845667E-01
-0.805974454E-01-0.815748498E-01-0.814654380E-01-0.802267417E-01-0.778258145E-01
-0.742394701E-01-0.694539770E-01-0.634642914E-01-0.562727191E-01-0.478871241E-01
-0.383187905E-01-0.275804158E-01-0.156844556E-01-0.264287204E-02 0.115259206E-01
 0.267805457E-01 0.432504117E-01 0.601276159E-01 0.774012879E-01 0.950512961E-01
 0.113033034E+00 0.131296769E+00 0.149794102E+00 0.168479308E+00 0.187309027E+00
 0.206240684E+00 0.225230351E+00 0.244228855E+00 0.263175786E+00 0.281989962E+00
 0.300554782E+00 0.318697214E+00 0.336160809E+00 0.352580726E+00 0.367490828E+00
 0.146653116E+00 0.144441918E+00 0.138165936E+00 0.130516186E+00 0.122701928E+00
 0.114731327E+00 0.106630467E+00 0.984128416E-01 0.900850073E-01 0.816500187E-01
 0.731094256E-01 0.644645095E-01 0.557172336E-01 0.468711480E-01 0.379320495E-01
 0.289073270E-01 0.201094188E-01 0.115527799E-01 0.325886835E-02-0.474351970E-02
-0.124175297E-01-0.197190288E-01-0.265975315E-01-0.329972431E-01-0.388581753E-01
-0.441173613E-01-0.487101823E-01-0.525718331E-01-0.556388125E-01-0.578503758E-01
-0.591498464E-01-0.594857670E-01-0.588128380E-01-0.570926368E-01-0.542940907E-01
-0.503935628E-01-0.453744791E-01-0.392263681E-01-0.319435038E-01-0.235226303E-01
-0.139594423E-01-0.324628688E-02 0.863184035E-02 0.217149798E-01 0.360580720E-01
 0.509146154E-01 0.663483143E-01 0.822636113E-01 0.985919237E-01 0.115272753E+00
 0.132244125E+00 0.149441108E+00 0.166796133E+00 0.184239358E+00 0.201698884E+00
 0.219100252E+00 0.236365557E+00 0.253411382E+00 0.270145535E+00 0.286462009E+00
 0.302234530E+00 0.317309648E+00 0.331501693E+00 0.344594568E+00 0.356355697E+00
 0.146835819E+00 0.145061791E+00 0.138857201E+00 0.131137073E+00 0.123465784E+00
 0.115800656E+00 0.108119272E+00 0.100409672E+00 0.926641747E-01 0.848772600E-01
 0.770450011E-01 0.691651478E-01 0.612372458E-01 0.532627217E-01 0.452447422E-01
 0.371877067E-01 0.290965214E-01 0.212946068E-01 0.137945749E-01 0.661435630E-02
-0.214876505E-03-0.665481761E-02-0.126613388E-01-0.181858614E-01-0.231762789E-01
-0.275778268E-01-0.313341916E-01-0.343888812E-01-0.366866216E-01-0.381745659E-01
-0.388032459E-01-0.385272279E-01-0.373055190E-01-0.351020284E-01-0.318860933E-01
-0.276327655E-01-0.223224591E-01-0.159395300E-01-0.847228058E-02 0.883108514E-04
 0.976241473E-02 0.205735229E-01 0.325128883E-01 0.457216762E-01 0.594511293E-01
 0.736996979E-01 0.884505585E-01 0.103657767E+00 0.119262815E+00 0.135199085E+00
 0.151392519E+00 0.167761698E+00 0.184218332E+00 0.200667858E+00 0.217010677E+00
 0.233143479E+00 0.248960778E+00 0.264356136E+00 0.279222816E+00 0.293453544E+00
 0.306939602E+00 0.319569856E+00 0.331230849E+00 0.341809362E+00 0.351198733E+00
 0.145795614E+00 0.144242555E+00 0.138317198E+00 0.130845100E+00 0.123475820E+00
 0.116197690E+00 0.108988263E+00 0.101827197E+00 0.946974903E-01 0.875857621E-01
 0.804822743E-01 0.733807832E-01 0.662783310E-01 0.591749288E-01 0.520730391E-01
 0.449767672E-01 0.378903262E-01 0.308149848E-01 0.240801331E-01 0.176636986E-01
 0.116117774E-01 0.596006541E-02 0.749504252E-03-0.397716044E-02-0.817470718E-02
-0.117948428E-01-0.147868749E-01-0.170999467E-01-0.186847430E-01-0.194946509E-01
-0.194863919E-01-0.186198186E-01-0.168566350E-01-0.141604580E-01-0.104982331E-01
-0.584242167E-02-0.171666994E-03 0.653963210E-02 0.143105034E-01 0.231140498E-01
 0.330226384E-01 0.442104116E-01 0.560125373E-01 0.685180500E-01 0.816543475E-01
 0.953687057E-01 0.109611735E+00 0.124327891E+00 0.139452577E+00 0.154910728E+00
 0.170615599E+00 0.186467960E+00 0.202355996E+00 0.218156263E+00 0.233736083E+00
 0.248957545E+00 0.263682693E+00 0.277779579E+00 0.291127801E+00 0.303622991E+00
 0.315179199E+00 0.325729579E+00 0.335225314E+00 0.343633980E+00 0.350937992E+00
 0.143767670E+00 0.142436698E+00 0.136546761E+00 0.129387215E+00 0.122435972E+00
 0.115655668E+00 0.109015115E+00 0.102483831E+00 0.960355923E-01 0.896498486E-01
 0.833120048E-01 0.770130306E-01 0.707489550E-01 0.645204112E-01 0.583323278E-01
 0.521939360E-01 0.461195558E-01 0.401309505E-01 0.342635699E-01 0.284861792E-01
 0.231389049E-01 0.181976371E-01 0.137108536E-01 0.971151330E-02 0.623428402E-02
 0.332183228E-02 0.102560222E-02-0.604615547E-03-0.152266864E-02-0.168691867E-02
-0.106152671E-02 0.383879174E-03 0.268593128E-02 0.588776404E-02 0.100347409E-01
 0.151623664E-01 0.212610085E-01 0.284097455E-01 0.367793143E-01 0.458005369E-01
 0.556029156E-01 0.662273243E-01 0.775997490E-01 0.896818638E-01 0.102430597E+00
 0.115801401E+00 0.129746169E+00 0.144209728E+00 0.159126490E+00 0.174417064E+00
 0.189984977E+00 0.205713749E+00 0.221464723E+00 0.237076968E+00 0.252370298E+00
 0.267152488E+00 0.281231076E+00 0.294427633E+00 0.306592494E+00 0.317615926E+00
 0.327434361E+00 0.336030722E+00 0.343429059E+00 0.349684477E+00 0.354870945E+00
 0.139920667E+00 0.138641447E+00 0.133206725E+00 0.126495078E+00 0.120103732E+00
 0.113973662E+00 0.108042918E+00 0.102260269E+00 0.965872407E-01 0.909970328E-01
 0.854725540E-01 0.800046325E-01 0.745905340E-01 0.692330077E-01 0.639396310E-01
 0.587224513E-01 0.535979532E-01 0.485869199E-01 0.437136851E-01 0.390023664E-01
 0.344907381E-01 0.301446561E-01 0.263331123E-01 0.230163820E-01 0.201952569E-01
 0.179033913E-01 0.162291024E-01 0.152271502E-01 0.149428137E-01 0.154168094E-01
 0.166762937E-01 0.187011249E-01 0.215271860E-01 0.252218973E-01 0.298885107E-01
 0.356978998E-01 0.421405956E-01 0.493495874E-01 0.573800541E-01 0.661892295E-01
 0.757728443E-01 0.861264616E-01 0.972315222E-01 0.109066293E+00 0.121605612E+00
 0.134820402E+00 0.148676038E+00 0.163129598E+00 0.178125992E+00 0.193593085E+00
 0.209435537E+00 0.225527629E+00 0.241705477E+00 0.257760912E+00 0.273440272E+00
 0.288453609E+00 0.302498579E+00 0.315295726E+00 0.326624602E+00 0.336349338E+00
 0.344430238E+00 0.350922406E+00 0.355962336E+00 0.359741479E+00 0.362470388E+00
 0.134147301E+00 0.132834390E+00 0.127785519E+00 0.121766448E+00 0.116234615E+00
 0.111023128E+00 0.106015556E+00 0.101140521E+00 0.963557139E-01 0.916371420E-01
 0.869728476E-01 0.823592171E-01 0.777987838E-01 0.732990131E-01 0.688715279E-01
 0.645318106E-01 0.602990054E-01 0.561959185E-01 0.522491112E-01 0.484892316E-01
 0.449528769E-01 0.416829027E-01 0.387517251E-01 0.361859426E-01 0.339808762E-01
 0.320859514E-01 0.309394561E-01 0.305141415E-01 0.308365133E-01 0.319780931E-01
 0.340759270E-01 0.366943777E-01 0.399597213E-01 0.439531580E-01 0.487301014E-01
 0.543151386E-01 0.606623739E-01 0.677716359E-01 0.756492913E-01 0.842939988E-01
 0.937055871E-01 0.103883632E+00 0.114825524E+00 0.126526996E+00 0.138982117E+00
 0.152182728E+00 0.166117102E+00 0.180767387E+00 0.196105778E+00 0.212088361E+00
 0.228646293E+00 0.245672673E+00 0.263003856E+00 0.280394763E+00 0.297491252E+00
 0.313818038E+00 0.328819573E+00 0.341970891E+00 0.352890193E+00 0.361384273E+00
 0.367446333E+00 0.371251017E+00 0.373147070E+00 0.373609036E+00 0.373122990E+00
 0.125172198E+00 0.123391390E+00 0.119157963E+00 0.114789538E+00 0.110795029E+00
 0.106921434E+00 0.103093475E+00 0.992828831E-01 0.954803675E-01 0.916861072E-01
 0.879058093E-01 0.841489136E-01 0.804277286E-01 0.767570511E-01 0.731540322E-01
 0.696382001E-01 0.662316009E-01 0.629589707E-01 0.598479733E-01 0.569295436E-01
 0.542382747E-01 0.518125854E-01 0.496946014E-01 0.479231700E-01 0.465374738E-01
 0.455891490E-01 0.451736078E-01 0.453464091E-01 0.461495817E-01 0.476173609E-01
 0.497668199E-01 0.525623448E-01 0.560149550E-01 0.601490848E-01 0.649885982E-01
 0.705494732E-01 0.768371373E-01 0.838584006E-01 0.916214660E-01 0.100134633E+00
 0.109407037E+00 0.119448856E+00 0.130271479E+00 0.141887888E+00 0.154313087E+00
 0.167564258E+00 0.181660578E+00 0.196622208E+00 0.212468222E+00 0.229212359E+00
 0.246855378E+00 0.265371650E+00 0.284685105E+00 0.304625005E+00 0.324834853E+00
 0.344573766E+00 0.362506628E+00 0.377310336E+00 0.388380736E+00 0.395556867E+00
 0.398888469E+00 0.398638606E+00 0.395460337E+00 0.390640169E+00 0.385533541E+00
 0.112604149E+00 0.109283641E+00 0.107989356E+00 0.106655806E+00 0.104674369E+00
 0.102335200E+00 0.997719467E-01 0.970582366E-01 0.942419916E-01 0.913586617E-01
 0.884371176E-01 0.855025947E-01 0.825784653E-01 0.796873122E-01 0.768517628E-01
 0.740950480E-01 0.714415610E-01 0.689172074E-01 0.665497705E-01 0.643691495E-01
 0.624075606E-01 0.606994964E-01 0.592815168E-01 0.581916943E-01 0.574704483E-01
 0.571622886E-01 0.573160276E-01 0.579749756E-01 0.591756478E-01 0.609473959E-01
 0.633111373E-01 0.662793815E-01 0.698672533E-01 0.740924254E-01 0.789728388E-01
 0.845247805E-01 0.907625630E-01 0.977001041E-01 0.105351850E+00 0.113733448E+00
 0.122862451E+00 0.132759154E+00 0.143447533E+00 0.154956445E+00 0.167320997E+00
 0.180584237E+00 0.194799036E+00 0.210030258E+00 0.226356909E+00 0.243874118E+00
 0.262694120E+00 0.282945216E+00 0.304767668E+00 0.328308403E+00 0.353730708E+00
 0.381340623E+00 0.406206578E+00 0.423727870E+00 0.435027152E+00 0.440690726E+00
 0.440208435E+00 0.434051216E+00 0.421467513E+00 0.406964034E+00 0.396166384E+00
 0.104504868E+00 0.100831695E+00 0.100280479E+00 0.100165829E+00 0.994313732E-01
 0.982346088E-01 0.967012942E-01 0.949250236E-01 0.929755792E-01 0.909064859E-01
 0.887603909E-01 0.865726620E-01 0.843738914E-01 0.821916759E-01 0.800519511E-01
 0.779799670E-01 0.760010555E-01 0.741411671E-01 0.724273324E-01 0.708879456E-01
 0.695528984E-01 0.684536621E-01 0.676232129E-01 0.670958906E-01 0.669073537E-01
 0.670943335E-01 0.676937178E-01 0.687405989E-01 0.702669546E-01 0.723010674E-01
 0.748673379E-01 0.779869556E-01 0.816797093E-01 0.859647244E-01 0.908605680E-01
 0.963851362E-01 0.102555893E+00 0.109390490E+00 0.116907544E+00 0.125127479E+00
 0.134073511E+00 0.143772870E+00 0.154258236E+00 0.165569618E+00 0.177756697E+00
 0.190881908E+00 0.205024645E+00 0.220286727E+00 0.236800015E+00 0.254736632E+00
 0.274322689E+00 0.295855194E+00 0.319720805E+00 0.346411377E+00 0.376534104E+00
 0.408566624E+00 0.433379948E+00 0.450761586E+00 0.461105496E+00 0.464113444E+00
 0.460007429E+00 0.447760075E+00 0.428742468E+00 0.412452430E+00 0.399498045E+00
 0.994645134E-01 0.956965834E-01 0.954426974E-01 0.957921892E-01 0.956651121E-01
 0.951408371E-01 0.942978784E-01 0.932085961E-01 0.919354334E-01 0.905306563E-01
 0.890377238E-01 0.874931067E-01 0.859281644E-01 0.843707249E-01 0.828464255E-01
 0.813798234E-01 0.799951553E-01 0.787169635E-01 0.775705427E-01 0.765821934E-01
 0.757793784E-01 0.751908049E-01 0.748463199E-01 0.747768357E-01 0.750140250E-01
 0.755900145E-01 0.765367597E-01 0.778853148E-01 0.796651766E-01 0.819038525E-01
 0.846266821E-01 0.878569707E-01 0.916164145E-01 0.959253907E-01 0.100803286E+00
 0.106268793E+00 0.112340339E+00 0.119036667E+00 0.126377612E+00 0.134385005E+00
 0.143083766E+00 0.152503192E+00 0.162678599E+00 0.173653319E+00 0.185481474E+00
 0.198231429E+00 0.211990878E+00 0.226873815E+00 0.243030995E+00 0.260665506E+00
 0.280057281E+00 0.301602125E+00 0.325872391E+00 0.353688568E+00 0.385889947E+00
 0.414468408E+00 0.436278582E+00 0.451316923E+00 0.459368914E+00 0.460402966E+00
 0.453264236E+00 0.437364131E+00 0.420083880E+00 0.405771226E+00 0.393857658E+00
 0.967029706E-01 0.929267406E-01 0.925996378E-01 0.931209475E-01 0.932684094E-01
 0.930929333E-01 0.926560536E-01 0.920164809E-01 0.912259966E-01 0.903282166E-01
 0.893592685E-01 0.883492827E-01 0.873240381E-01 0.863064826E-01 0.853180513E-01
 0.843795985E-01 0.835121050E-01 0.827371925E-01 0.820774287E-01 0.815565139E-01
 0.811993405E-01 0.810320303E-01 0.810818374E-01 0.813769996E-01 0.819465443E-01
 0.828199759E-01 0.840268657E-01 0.855964497E-01 0.875571370E-01 0.899361074E-01
 0.927590355E-01 0.960498899E-01 0.998309180E-01 0.104122683E+00 0.108944282E+00
 0.114313655E+00 0.120248049E+00 0.126764685E+00 0.133881494E+00 0.141618043E+00
 0.149996564E+00 0.159043089E+00 0.168788835E+00 0.179271817E+00 0.190538898E+00
 0.202648357E+00 0.215673506E+00 0.229707465E+00 0.244870231E+00 0.261318982E+00
 0.279264659E+00 0.299000412E+00 0.320958048E+00 0.345858157E+00 0.372447878E+00
 0.394888818E+00 0.412217349E+00 0.424167216E+00 0.430624783E+00 0.430729061E+00
 0.424179822E+00 0.412020922E+00 0.400539339E+00 0.390229791E+00 0.381079495E+00
 0.954304263E-01 0.916045979E-01 0.913376734E-01 0.918441638E-01 0.920143351E-01
 0.919310078E-01 0.916665047E-01 0.912780240E-01 0.908076987E-01 0.902857184E-01
 0.897339880E-01 0.891693309E-01 0.886059254E-01 0.880571082E-01 0.875364915E-01
 0.870587155E-01 0.866397992E-01 0.862973556E-01 0.860506222E-01 0.859204456E-01
 0.859291926E-01 0.861006752E-01 0.864600465E-01 0.870336369E-01 0.878488347E-01
 0.889338404E-01 0.903173983E-01 0.920284390E-01 0.940956026E-01 0.965467542E-01
 0.994084328E-01 0.102705337E+00 0.106459931E+00 0.110692240E+00 0.115419835E+00
 0.120658129E+00 0.126420915E+00 0.132721081E+00 0.139571548E+00 0.146986097E+00
 0.154980347E+00 0.163572595E+00 0.172784612E+00 0.182642445E+00 0.193177164E+00
 0.204425588E+00 0.216430977E+00 0.229243353E+00 0.242919236E+00 0.257519454E+00
 0.273102790E+00 0.289709061E+00 0.307316720E+00 0.325741827E+00 0.344160616E+00
 0.360374629E+00 0.373400748E+00 0.382829785E+00 0.388362765E+00 0.389789850E+00
 0.387155682E+00 0.382097125E+00 0.376231104E+00 0.370138139E+00 0.364154756E+00
 0.960069075E-01 0.921427682E-01 0.916346461E-01 0.917866379E-01 0.916407406E-01
 0.913660899E-01 0.910604820E-01 0.907711610E-01 0.905150399E-01 0.902936831E-01
 0.901024789E-01 0.899359211E-01 0.897904262E-01 0.896657109E-01 0.895652696E-01
 0.894962922E-01 0.894693732E-01 0.894980729E-01 0.895984992E-01 0.897889584E-01
 0.900896713E-01 0.905225500E-01 0.911110863E-01 0.918802768E-01 0.928565487E-01
 0.940677598E-01 0.955430418E-01 0.973125398E-01 0.994069353E-01 0.101856634E+00
 0.104690827E+00 0.107936323E+00 0.111616522E+00 0.115750723E+00 0.120353818E+00
 0.125436634E+00 0.131006658E+00 0.137069300E+00 0.143629059E+00 0.150690794E+00
 0.158260539E+00 0.166346177E+00 0.174957499E+00 0.184106082E+00 0.193804756E+00
 0.204066619E+00 0.214903250E+00 0.226321891E+00 0.238320604E+00 0.250880033E+00
 0.263949633E+00 0.277424365E+00 0.291107595E+00 0.304659963E+00 0.317564964E+00
 0.329202473E+00 0.339024752E+00 0.346655160E+00 0.351896435E+00 0.354743332E+00
 0.355423272E+00 0.354389340E+00 0.352171838E+00 0.349220544E+00 0.345864564E+00
 0.992159247E-01 0.955994576E-01 0.938267782E-01 0.926496983E-01 0.915943012E-01
 0.908104032E-01 0.903284326E-01 0.901025161E-01 0.900710374E-01 0.901766345E-01
 0.903716311E-01 0.906195641E-01 0.908952728E-01 0.911840051E-01 0.914799348E-01
 0.917844698E-01 0.921045765E-01 0.924514607E-01 0.928395092E-01 0.932855830E-01
 0.938084945E-01 0.944287553E-01 0.951684788E-01 0.960514024E-01 0.971031412E-01
 0.983515158E-01 0.998268872E-01 0.101562284E+00 0.103593089E+00 0.105955914E+00
 0.108686678E+00 0.111818060E+00 0.115376979E+00 0.119382732E+00 0.123846196E+00
 0.128770337E+00 0.134151831E+00 0.139983580E+00 0.146257326E+00 0.152965724E+00
 0.160103470E+00 0.167667449E+00 0.175656185E+00 0.184068725E+00 0.192902997E+00
 0.202153817E+00 0.211810231E+00 0.221851856E+00 0.232243851E+00 0.242930278E+00
 0.253824979E+00 0.264800966E+00 0.275679618E+00 0.286225766E+00 0.296157151E+00
 0.305174768E+00 0.313006669E+00 0.319447815E+00 0.324386150E+00 0.327815443E+00
 0.329834819E+00 0.330628932E+00 0.330429465E+00 0.329472810E+00 0.327970624E+00
 0.102914788E+00 0.994066149E-01 0.961443111E-01 0.930289626E-01 0.902136266E-01
 0.890523642E-01 0.886528045E-01 0.887467191E-01 0.891622007E-01 0.897741541E-01
 0.904894173E-01 0.912418887E-01 0.919894427E-01 0.927096233E-01 0.933945328E-01
 0.940462276E-01 0.946732536E-01 0.952882767E-01 0.959066153E-01 0.965454057E-01
 0.972230807E-01 0.979591385E-01 0.987740904E-01 0.996896476E-01 0.100729361E+00
 0.101919629E+00 0.103291199E+00 0.104880832E+00 0.106732368E+00 0.108895905E+00
 0.111423776E+00 0.114364058E+00 0.117753915E+00 0.121615179E+00 0.125952438E+00
 0.130753964E+00 0.135995582E+00 0.141647279E+00 0.147680208E+00 0.154071033E+00
 0.160803020E+00 0.167864636E+00 0.175247386E+00 0.182943240E+00 0.190942198E+00
 0.199229792E+00 0.207784489E+00 0.216574758E+00 0.225555718E+00 0.234665453E+00
 0.243821308E+00 0.252916783E+00 0.261820585E+00 0.270379424E+00 0.278426558E+00
 0.285795629E+00 0.292338043E+00 0.297939718E+00 0.302533865E+00 0.306107283E+00
 0.308699220E+00 0.310392946E+00 0.311301619E+00 0.311552107E+00 0.311271071E+00
 0.105383553E+00 0.101639479E+00 0.976392105E-01 0.931875482E-01 0.883324519E-01
 0.855619907E-01 0.853245854E-01 0.863401294E-01 0.876505002E-01 0.891049057E-01
 0.905740336E-01 0.919724181E-01 0.932602212E-01 0.944289267E-01 0.954865664E-01
 0.964486003E-01 0.973333344E-01 0.981598273E-01 0.989471376E-01 0.997142270E-01
 0.100480005E+00 0.101263218E+00 0.102082178E+00 0.102954634E+00 0.103898413E+00
 0.104933098E+00 0.106083244E+00 0.107383862E+00 0.108888403E+00 0.110675216E+00
 0.112840660E+00 0.115474589E+00 0.118639350E+00 0.122364201E+00 0.126644596E+00
 0.131439716E+00 0.136676595E+00 0.142272592E+00 0.148162261E+00 0.154305428E+00
 0.160680875E+00 0.167277947E+00 0.174090266E+00 0.181111410E+00 0.188331857E+00
 0.195736736E+00 0.203303799E+00 0.211001679E+00 0.218788251E+00 0.226609156E+00
 0.234396935E+00 0.242070884E+00 0.249538437E+00 0.256698400E+00 0.263446331E+00
 0.269681692E+00 0.275316000E+00 0.280280441E+00 0.284531862E+00 0.288055748E+00
 0.290866107E+00 0.293001950E+00 0.294521511E+00 0.295495093E+00 0.295998365E+00
 0.107915357E+00 0.104234166E+00 0.100150071E+00 0.954293013E-01 0.898910239E-01
 0.857395977E-01 0.836231709E-01 0.836346820E-01 0.857923701E-01 0.885867104E-01
 0.911025181E-01 0.932479054E-01 0.950720757E-01 0.966376662E-01 0.979976207E-01
 0.991945192E-01 0.100262225E+00 0.101227887E+00 0.102113999E+00 0.102940544E+00
 0.103727043E+00 0.104493156E+00 0.105255999E+00 0.106027424E+00 0.106814004E+00
 0.107618280E+00 0.108440749E+00 0.109284826E+00 0.110173121E+00 0.111212924E+00
 0.112688690E+00 0.114822537E+00 0.117689200E+00 0.121316575E+00 0.125709161E+00
 0.130815357E+00 0.136406958E+00 0.142195076E+00 0.148079351E+00 0.154045284E+00
 0.160100222E+00 0.166255981E+00 0.172522530E+00 0.178904951E+00 0.185401797E+00
 0.192004174E+00 0.198694989E+00 0.205448613E+00 0.212230578E+00 0.218997568E+00
 0.225697756E+00 0.232271746E+00 0.238654241E+00 0.244776532E+00 0.250569850E+00
 0.255969405E+00 0.260918379E+00 0.265371978E+00 0.269300193E+00 0.272689492E+00
 0.275542855E+00 0.277878463E+00 0.279727042E+00 0.281128436E+00 0.282128245E+00
 0.110934705E+00 0.107736915E+00 0.104246810E+00 0.100399546E+00 0.961996540E-01
 0.917686149E-01 0.879459679E-01 0.861928314E-01 0.867746770E-01 0.899229422E-01
 0.932301357E-01 0.958127975E-01 0.979182348E-01 0.996737555E-01 0.101171583E+00
 0.102473497E+00 0.103620701E+00 0.104640752E+00 0.105551951E+00 0.106366299E+00
 0.107095234E+00 0.107777305E+00 0.108442888E+00 0.109091833E+00 0.109714605E+00
 0.110291831E+00 0.110789165E+00 0.111147791E+00 0.111264348E+00 0.110972904E+00
 0.111419097E+00 0.112966619E+00 0.115492783E+00 0.119054981E+00 0.123675637E+00
 0.129477501E+00 0.136029929E+00 0.142150477E+00 0.148028940E+00 0.153774947E+00
 0.159460977E+00 0.165137738E+00 0.170840040E+00 0.176589161E+00 0.182394579E+00
 0.188255042E+00 0.194159821E+00 0.200089648E+00 0.206017613E+00 0.211910099E+00
 0.217727646E+00 0.223426238E+00 0.228958786E+00 0.234276876E+00 0.239332989E+00
 0.244082794E+00 0.248487458E+00 0.252515674E+00 0.256145269E+00 0.259364158E+00
 0.262170434E+00 0.264571816E+00 0.266584367E+00 0.268230975E+00 0.269539267E+00
 0.114347599E+00 0.111932129E+00 0.109301560E+00 0.106427237E+00 0.103362635E+00
 0.100238152E+00 0.972374082E-01 0.945731774E-01 0.934154242E-01 0.953251570E-01
 0.978738144E-01 0.100032859E+00 0.101906925E+00 0.103514433E+00 0.104923598E+00
 0.106175363E+00 0.107293651E+00 0.108291902E+00 0.109175533E+00 0.109940842E+00
 0.110571481E+00 0.111147970E+00 0.111723416E+00 0.112279050E+00 0.112797573E+00
 0.113254279E+00 0.113607436E+00 0.113785230E+00 0.113666460E+00 0.113102280E+00
 0.113285027E+00 0.114641942E+00 0.117047846E+00 0.120511480E+00 0.125066042E+00
 0.130836278E+00 0.137285888E+00 0.143181697E+00 0.148698673E+00 0.153975502E+00
 0.159113795E+00 0.164188251E+00 0.169251025E+00 0.174334273E+00 0.179453358E+00
 0.184610307E+00 0.189796805E+00 0.194996551E+00 0.200186998E+00 0.205340639E+00
 0.210426211E+00 0.215409711E+00 0.220255658E+00 0.224928290E+00 0.229392976E+00
 0.233617619E+00 0.237573981E+00 0.241238818E+00 0.244594887E+00 0.247631386E+00
 0.250344157E+00 0.252735436E+00 0.254813194E+00 0.256590366E+00 0.258083701E+00
 0.700918555E+00 0.713792086E+00 0.722312748E+00 0.732994318E+00 0.743990779E+00
 0.755645812E+00 0.767585635E+00 0.780088007E+00 0.793564260E+00 0.806466937E+00
 0.820002198E+00 0.834292412E+00 0.849358082E+00 0.864596009E+00 0.880412042E+00
 0.896770537E+00 0.914129198E+00 0.931785166E+00 0.950116932E+00 0.969177008E+00
 0.988923311E+00 0.100956750E+01 0.103087664E+01 0.105301261E+01 0.107600272E+01
 0.109995019E+01 0.112483835E+01 0.115072775E+01 0.117769706E+01 0.120571518E+01
 0.123489606E+01 0.126539028E+01 0.129715288E+01 0.133037698E+01 0.136491418E+01
 0.140096271E+01 0.143884444E+01 0.147836626E+01 0.151982570E+01 0.156297278E+01
 0.160839069E+01 0.165625286E+01 0.170619607E+01 0.175879920E+01 0.181397092E+01
 0.187247777E+01 0.193398368E+01 0.199861383E+01 0.206734085E+01 0.214004135E+01
 0.221701932E+01 0.229851174E+01 0.238588762E+01 0.247848916E+01 0.257836533E+01
 0.268556905E+01 0.280124354E+01 0.292801237E+01 0.306544876E+01 0.321968460E+01
 0.339246964E+01 0.359338593E+01 0.384322691E+01 0.420088053E+01 0.567507219E+01
   88   86
 0.110663223E+01 0.000000000E+00 0.110492301E+01 0.500000007E-01 0.110562503E+01
 0.126594245E+00 0.110875022E+01 0.200000003E+00 0.111724746E+01 0.300000012E+00
 0.113176823E+01 0.400000006E+00 0.114191020E+01 0.449999988E+00 0.115875006E+01
 0.518684447E+00 0.118355346E+01 0.600000024E+00 0.120229721E+01 0.649999976E+00
 0.122407353E+01 0.699999988E+00 0.124959981E+01 0.750000000E+00 0.128040278E+01
 0.800000012E+00 0.131812501E+01 0.847662747E+00 0.134468746E+01 0.875205755E+00
 0.137554777E+01 0.899999976E+00 0.142437506E+01 0.930013180E+00 0.147749996E+01
 0.949298799E+00 0.150406253E+01 0.956300735E+00 0.155718756E+01 0.961034715E+00
 0.161031246E+01 0.955784976E+00 0.163687503E+01 0.949171305E+00 0.169000006E+01
 0.933257401E+00 0.174312496E+01 0.910346866E+00 0.176968753E+01 0.895348668E+00
 0.182281256E+01 0.862841070E+00 0.184937501E+01 0.843342423E+00 0.190250003E+01
 0.801693738E+00 0.192906249E+01 0.777952135E+00 0.195818830E+01 0.750000000E+00
 0.200454521E+01 0.699999988E+00 0.203531241E+01 0.664516807E+00 0.206187510E+01
 0.630105019E+00 0.208843756E+01 0.592383564E+00 0.211601734E+01 0.550000012E+00
 0.214378738E+01 0.500000000E+00 0.216812491E+01 0.448599935E+00 0.219468760E+01
 0.386945993E+00 0.222125006E+01 0.316847205E+00 0.224250937E+01 0.250000000E+00
 0.225623512E+01 0.200000003E+00 0.227409005E+01 0.100000001E+00 0.227860069E+01
 0.500000007E-01 0.227437496E+01-0.361884981E-01 0.226407456E+01-0.100000001E+00
 0.224781251E+01-0.160162330E+00 0.222125006E+01-0.230479240E+00 0.219468760E+01
-0.288146555E+00 0.216812491E+01-0.338395536E+00 0.214156246E+01-0.383449078E+00
 0.211500001E+01-0.424422503E+00 0.208843756E+01-0.461914003E+00 0.205846620E+01
-0.500000000E+00 0.201677203E+01-0.550000012E+00 0.198218751E+01-0.587986231E+00
 0.195562506E+01-0.616124034E+00 0.192140889E+01-0.649999976E+00 0.187593746E+01
-0.694534361E+00 0.184937501E+01-0.720459700E+00 0.181709099E+01-0.750000000E+00
 0.176968753E+01-0.794692695E+00 0.174312496E+01-0.820304036E+00 0.170995009E+01
-0.850000024E+00 0.166343749E+01-0.894320428E+00 0.163687503E+01-0.920753002E+00
 0.160417628E+01-0.949999988E+00 0.155718756E+01-0.996304810E+00 0.153062499E+01
-0.102538812E+01 0.150149727E+01-0.104999995E+01 0.145740390E+01-0.109456289E+01
 0.143730772E+01-0.110640395E+01 0.139781249E+01-0.104688764E+01 0.137125003E+01
-0.994618893E+00 0.134468746E+01-0.939542472E+00 0.131812501E+01-0.880639374E+00
 0.129156256E+01-0.816596806E+00 0.126706660E+01-0.750000000E+00 0.124890101E+01
-0.699999988E+00 0.123166215E+01-0.649999976E+00 0.121187496E+01-0.587195754E+00
 0.118698871E+01-0.500000000E+00 0.117371011E+01-0.449999988E+00 0.115875006E+01
-0.386964351E+00 0.114070129E+01-0.300000012E+00 0.113180470E+01-0.250000000E+00
 0.111813605E+01-0.150000006E+00 0.110930860E+01-0.500000007E-01 0.110663223E+01
 0.000000000E+00
 0.101600003E+01 0.000000000E+00 0.101600003E+01 0.963999987E+00 0.101600003E+01
 0.967999995E+00 0.101600003E+01 0.100100005E+01 0.101600003E+01 0.101900005E+01
 0.101600003E+01 0.107700002E+01 0.101600003E+01 0.107000005E+01 0.101600003E+01
 0.109599996E+01 0.101600003E+01 0.111300004E+01 0.101600003E+01 0.113800001E+01
 0.101600003E+01 0.114699996E+01 0.101199996E+01 0.116499996E+01 0.100100005E+01
 0.121700001E+01 0.102900004E+01 0.121700001E+01 0.104200006E+01 0.116240001E+01
 0.104600000E+01 0.116237998E+01 0.105599999E+01 0.116260004E+01 0.109700000E+01
 0.116450000E+01 0.110800004E+01 0.116594005E+01 0.111600006E+01 0.116591001E+01
 0.113399994E+01 0.116895998E+01 0.114800000E+01 0.117174995E+01 0.116199994E+01
 0.117556000E+01 0.118099999E+01 0.118299997E+01 0.118200004E+01 0.118350005E+01
 0.118499994E+01 0.118499994E+01 0.119000006E+01 0.118799996E+01 0.119500005E+01
 0.119099998E+01 0.120099998E+01 0.119599998E+01 0.120899999E+01 0.120200002E+01
 0.121500003E+01 0.120799994E+01 0.122200000E+01 0.121399999E+01 0.122800004E+01
 0.122099996E+01 0.123399997E+01 0.123099995E+01 0.123899996E+01 0.123800004E+01
 0.124199998E+01 0.124399996E+01 0.124800003E+01 0.125399995E+01 0.125800002E+01
 0.127800000E+01 0.126300001E+01 0.128999996E+01 0.127999997E+01 0.133099997E+01
 0.127999997E+01 0.134700000E+01 0.127999997E+01 0.134800005E+01 0.130999994E+01
 0.134800005E+01 0.132799995E+01 0.134800005E+01 0.136099994E+01 0.134800005E+01
 0.138000000E+01 0.134800005E+01 0.141900003E+01 0.134800005E+01 0.141900003E+01
 0.130999994E+01 0.137199998E+01 0.130999994E+01 0.137199998E+01 0.129200006E+01
 0.160800004E+01 0.109500003E+01 0.164699996E+01 0.107700002E+01 0.178499997E+01
 0.107700002E+01 0.206999993E+01 0.103999996E+01 0.212800002E+01 0.992999971E+00
 0.224499989E+01 0.708999991E+00 0.232299995E+01 0.518999994E+00 0.237700009E+01
 0.388999999E+00 0.236249995E+01 0.400000006E+00 0.236443496E+01 0.222000003E+00
 0.236496902E+01 0.133000001E+00 0.236532402E+01 0.439999998E-01 0.236512089E+01
-0.439999998E-01 0.236484194E+01-0.133000001E+00 0.236433411E+01-0.222000003E+00
 0.236249995E+01-0.400000006E+00 0.237700009E+01-0.388999999E+00 0.213400006E+01
-0.972999990E+00 0.178600001E+01-0.117400002E+01 0.176800001E+01-0.121099997E+01
 0.176800001E+01-0.125000000E+01 0.168200004E+01-0.125000000E+01 0.137199998E+01
-0.125000000E+01 0.137199998E+01-0.132900000E+01 0.141999996E+01-0.132900000E+01
 0.141999996E+01-0.136300004E+01 0.127300000E+01-0.136300004E+01 0.115300000E+01
-0.136300004E+01 0.101600003E+01-0.122300005E+01 0.101600003E+01-0.122300005E+01
 0.101600003E+01-0.829999983E+00 0.101600003E+01-0.800000012E+00 0.101600003E+01
-0.414999992E+00 0.101600003E+01-0.400000006E+00 0.101600003E+01-0.100000005E-02
 0.101600003E+01 0.000000000E+00
    0 0.000000000E+00    1
 0.000000000E+00 0.000000000E+00 0.000000000E+00 0.000000000E+00 0.000000000E+00
 0.000000000E+00 0.000000000E+00 0.000000000E+00 0.000000000E+00 0.000000000E+00
 0.000000000E+00 0.000000000E+00 0.000000000E+00 0.000000000E+00 0.000000000E+00
 0.000000000E+00 0.000000000E+00 0.000000000E+00 0.000000000E+00 0.000000000E+00
 0.000000000E+00 0.000000000E+00 0.000000000E+00 0.000000000E+00 0.000000000E+00
 0.000000000E+00 0.000000000E+00 0.000000000E+00 0.000000000E+00 0.000000000E+00
 0.000000000E+00 0.000000000E+00 0.000000000E+00 0.000000000E+00 0.000000000E+00
 0.000000000E+00 0.000000000E+00 0.000000000E+00 0.000000000E+00 0.000000000E+00
 0.000000000E+00 0.000000000E+00 0.000000000E+00 0.000000000E+00 0.000000000E+00
 0.000000000E+00 0.000000000E+00 0.000000000E+00 0.000000000E+00 0.000000000E+00
 0.000000000E+00 0.000000000E+00 0.000000000E+00 0.000000000E+00 0.000000000E+00
 0.000000000E+00 0.000000000E+00 0.000000000E+00 0.000000000E+00 0.000000000E+00
 0.000000000E+00 0.000000000E+00 0.000000000E+00 0.000000000E+00 0.000000000E+00
 0.000000000E+00 0.819192752E-01 0.116652623E+00 0.143467441E+00 0.166401863E+00
 0.186795041E+00 0.205504209E+00 0.222888812E+00 0.238125563E+00 0.253762931E+00
 0.268738866E+00 0.283228755E+00 0.297298789E+00 0.310911924E+00 0.324128687E+00
 0.337132722E+00 0.349880219E+00 0.362426341E+00 0.374754131E+00 0.386897624E+00
 0.398968756E+00 0.410886228E+00 0.422728270E+00 0.434480160E+00 0.446132690E+00
 0.457785547E+00 0.469385624E+00 0.480943978E+00 0.492512137E+00 0.504055202E+00
 0.515618086E+00 0.527212143E+00 0.538807333E+00 0.550495267E+00 0.562177181E+00
 0.573919177E+00 0.585769176E+00 0.597661674E+00 0.609683573E+00 0.621737957E+00
 0.633932710E+00 0.646284223E+00 0.658696771E+00 0.671287060E+00 0.683985472E+00
 0.696903110E+00 0.709966540E+00 0.723188519E+00 0.736648083E+00 0.750298798E+00
 0.764199018E+00 0.778296053E+00 0.792710900E+00 0.807359993E+00 0.822358429E+00
 0.837642431E+00 0.853283107E+00 0.869352341E+00 0.885784090E+00 0.902753413E+00
 0.920233369E+00 0.938355982E+00 0.957280099E+00 0.977307200E+00 0.100000000E+01
    1
 0.000000000E+00 0.000000000E+00 0.000000000E+00 0.000000000E+00 0.000000000E+00
 0.000000000E+00 0.000000000E+00 0.000000000E+00 0.000000000E+00 0.000000000E+00
 0.000000000E+00 0.000000000E+00 0.000000000E+00 0.000000000E+00 0.000000000E+00
 0.000000000E+00 0.000000000E+00 0.000000000E+00 0.000000000E+00 0.000000000E+00
 0.000000000E+00 0.000000000E+00 0.000000000E+00 0.000000000E+00 0.000000000E+00
 0.000000000E+00 0.000000000E+00 0.000000000E+00 0.000000000E+00 0.000000000E+00
 0.000000000E+00 0.000000000E+00 0.000000000E+00 0.000000000E+00 0.000000000E+00
 0.000000000E+00 0.000000000E+00 0.000000000E+00 0.000000000E+00 0.000000000E+00
 0.000000000E+00 0.000000000E+00 0.000000000E+00 0.000000000E+00 0.000000000E+00
 0.000000000E+00 0.000000000E+00 0.000000000E+00 0.000000000E+00 0.000000000E+00
 0.000000000E+00 0.000000000E+00 0.000000000E+00 0.000000000E+00 0.000000000E+00
 0.000000000E+00 0.000000000E+00 0.000000000E+00 0.000000000E+00 0.000000000E+00
 0.000000000E+00 0.000000000E+00 0.000000000E+00 0.000000000E+00 0.000000000E+00
