   EFITD   03/02/2017    #172208  3000             3  65  65
  1.70000005e+00  3.20000005e+00  1.69550002e+00  8.39999974e-01  0.00000000e+00
  1.78711736e+00 -2.27487963e-02 -2.25577742e-01  2.58456375e-02 -2.00503659e+00
 -1.08192775e+06 -2.25577742e-01  0.00000000e+00  1.78711736e+00  0.00000000e+00
 -2.27487963e-02  0.00000000e+00  2.58456375e-02  0.00000000e+00  0.00000000e+00
 -3.41923428e+00 -3.41781569e+00 -3.41645646e+00 -3.41515541e+00 -3.41391158e+00
 -3.41272354e+00 -3.41159034e+00 -3.41051102e+00 -3.40948391e+00 -3.40850854e+00
 -3.40758324e+00 -3.40670705e+00 -3.40587878e+00 -3.40509725e+00 -3.40436149e+00
 -3.40366983e+00 -3.40302181e+00 -3.40241575e+00 -3.40185070e+00 -3.40132546e+00
 -3.40083861e+00 -3.40038919e+00 -3.39997625e+00 -3.39959812e+00 -3.39925385e+00
 -3.39894223e+00 -3.39866209e+00 -3.39841247e+00 -3.39819169e+00 -3.39799881e+00
 -3.39783287e+00 -3.39769220e+00 -3.39757609e+00 -3.39748287e+00 -3.39741182e+00
 -3.39736128e+00 -3.39733052e+00 -3.39731789e+00 -3.39732265e+00 -3.39734316e+00
 -3.39737844e+00 -3.39742732e+00 -3.39748859e+00 -3.39756107e+00 -3.39764357e+00
 -3.39773464e+00 -3.39783335e+00 -3.39793849e+00 -3.39804864e+00 -3.39816284e+00
 -3.39827991e+00 -3.39839864e+00 -3.39851761e+00 -3.39863563e+00 -3.39875197e+00
 -3.39886475e+00 -3.39897346e+00 -3.39907622e+00 -3.39917254e+00 -3.39926052e+00
 -3.39933968e+00 -3.39940810e+00 -3.39946508e+00 -3.39950943e+00 -3.39953971e+00
  8.81371172e+04  8.60677656e+04  8.40203828e+04  8.19949844e+04  7.99915547e+04
  7.80101016e+04  7.60506250e+04  7.41131172e+04  7.21975859e+04  7.03040391e+04
  6.84324609e+04  6.65828516e+04  6.47552266e+04  6.29495703e+04  6.11658906e+04
  5.94041875e+04  5.76644609e+04  5.59467070e+04  5.42509258e+04  5.25771211e+04
  5.09252930e+04  4.92954375e+04  4.76875586e+04  4.61016562e+04  4.45377266e+04
  4.29957734e+04  4.14757930e+04  3.99777891e+04  3.85017578e+04  3.70477031e+04
  3.56156250e+04  3.42055195e+04  3.28173906e+04  3.14512344e+04  3.01070527e+04
  2.87848477e+04  2.74846191e+04  2.62063633e+04  2.49500820e+04  2.37157773e+04
  2.25034473e+04  2.13130918e+04  2.01447109e+04  1.89983066e+04  1.78738750e+04
  1.67714199e+04  1.56909385e+04  1.46324326e+04  1.35959023e+04  1.25813467e+04
  1.15887656e+04  1.06181592e+04  9.66952832e+03  8.74287207e+03  7.83819043e+03
  6.95548438e+03  6.09475293e+03  5.25599658e+03  4.43921533e+03  3.64440869e+03
  2.87157690e+03  2.12072021e+03  1.39183862e+03  6.84931824e+02  0.00000000e+00
 -1.26072788e+00 -1.20810068e+00 -1.15650892e+00 -1.10595262e+00 -1.05643189e+00
 -1.00794661e+00 -9.60496783e-01 -9.14082468e-01 -8.68703663e-01 -8.24360311e-01
 -7.81052470e-01 -7.38780081e-01 -6.97543144e-01 -6.57341778e-01 -6.18175805e-01
 -5.80045402e-01 -5.42950451e-01 -5.06890953e-01 -4.71866935e-01 -4.37878430e-01
 -4.04925406e-01 -3.73007864e-01 -3.42125803e-01 -3.12279224e-01 -2.83468127e-01
 -2.55692512e-01 -2.28952393e-01 -2.03247756e-01 -1.78578585e-01 -1.54944912e-01
 -1.32346720e-01 -1.10784009e-01 -9.02567878e-02 -7.07650408e-02 -5.23087829e-02
 -3.48880067e-02 -1.85027160e-02 -3.15290829e-03  1.11614168e-02  2.44402569e-02
  3.66836153e-02  4.78914902e-02  5.80638796e-02  6.72007874e-02  7.53022134e-02
  8.23681504e-02  8.83986056e-02  9.33935791e-02  9.73530710e-02  1.00277074e-01
  1.02165602e-01  1.03018641e-01  1.02836192e-01  1.01618268e-01  9.93648544e-02
  9.60759595e-02  9.17515829e-02  8.63917172e-02  7.99963698e-02  7.25655407e-02
  6.40992299e-02  5.45974337e-02  4.40601557e-02  3.24873924e-02  1.98791437e-02
 -5.29552125e+05 -5.23958406e+05 -5.18364656e+05 -5.12770938e+05 -5.07177188e+05
 -5.01583438e+05 -4.95989719e+05 -4.90395969e+05 -4.84802250e+05 -4.79208500e+05
 -4.73614781e+05 -4.68021031e+05 -4.62427312e+05 -4.56833562e+05 -4.51239812e+05
 -4.45646094e+05 -4.40052344e+05 -4.34458625e+05 -4.28864875e+05 -4.23271156e+05
 -4.17677406e+05 -4.12083688e+05 -4.06489938e+05 -4.00896188e+05 -3.95302469e+05
 -3.89708719e+05 -3.84115000e+05 -3.78521250e+05 -3.72927531e+05 -3.67333781e+05
 -3.61740031e+05 -3.56146312e+05 -3.50552562e+05 -3.44958844e+05 -3.39365094e+05
 -3.33771375e+05 -3.28177625e+05 -3.22583906e+05 -3.16990156e+05 -3.11396406e+05
 -3.05802688e+05 -3.00208938e+05 -2.94615219e+05 -2.89021469e+05 -2.83427750e+05
 -2.77834000e+05 -2.72240281e+05 -2.66646531e+05 -2.61052797e+05 -2.55459062e+05
 -2.49865328e+05 -2.44271578e+05 -2.38677844e+05 -2.33084109e+05 -2.27490375e+05
 -2.21896641e+05 -2.16302906e+05 -2.10709172e+05 -2.05115438e+05 -1.99521688e+05
 -1.93927953e+05 -1.88334219e+05 -1.82740484e+05 -1.77146750e+05 -1.71553016e+05
  5.63841648e-02  5.12167588e-02  4.56309617e-02  3.95837277e-02  3.31025086e-02
  2.62811966e-02  1.92551557e-02  1.21621387e-02  6.59556221e-03  4.13102889e-03
  7.66685174e-04 -5.57415839e-03 -1.28052933e-02 -1.69587899e-02 -1.87135842e-02
 -1.83156822e-02 -1.57730654e-02 -1.09495837e-02 -3.51097761e-03  7.21083861e-03
  2.24723462e-02  3.84747051e-02  5.23503907e-02  6.51862398e-02  7.76480064e-02
  9.02197808e-02  1.03342153e-01  1.17509119e-01  1.33373260e-01  1.51737913e-01
  1.67416200e-01  1.78713560e-01  1.86185539e-01  1.89524382e-01  1.88548207e-01
  1.82677284e-01  1.73921406e-01  1.67664692e-01  1.63104460e-01  1.59747526e-01
  1.57291472e-01  1.55544668e-01  1.54378563e-01  1.53700098e-01  1.53436899e-01
  1.53529257e-01  1.53925925e-01  1.54581562e-01  1.55455112e-01  1.56508639e-01
  1.57706618e-01  1.59015462e-01  1.60403356e-01  1.61840290e-01  1.63298205e-01
  1.64751381e-01  1.66176781e-01  1.67554483e-01  1.68867901e-01  1.70104071e-01
  1.71253562e-01  1.72310427e-01  1.73271835e-01  1.74137682e-01  1.74910009e-01
  5.24416156e-02  4.64237705e-02  3.98553871e-02  3.26319039e-02  2.47301217e-02
  1.62640736e-02  8.44615977e-03  3.02977883e-03  3.16749181e-04  3.14992474e-04
 -5.69611846e-04 -3.34479613e-03 -6.59785187e-03 -8.64731055e-03 -9.16456711e-03
 -8.04752763e-03 -5.18895080e-03 -4.35128342e-04  6.42553624e-03  1.56435147e-02
  2.72877533e-02  3.98849472e-02  5.21129854e-02  6.40490875e-02  7.59638920e-02
  8.81638527e-02  1.00996122e-01  1.14893973e-01  1.30464807e-01  1.48444772e-01
  1.63866445e-01  1.74990505e-01  1.82303488e-01  1.85675517e-01  1.84848726e-01
  1.79183751e-01  1.70852050e-01  1.64961353e-01  1.60766587e-01  1.57785326e-01
  1.55718401e-01  1.54370680e-01  1.53608546e-01  1.53335601e-01  1.53478280e-01
  1.53977215e-01  1.54781848e-01  1.55847251e-01  1.57131925e-01  1.58596456e-01
  1.60202771e-01  1.61913544e-01  1.63692310e-01  1.65503651e-01  1.67313769e-01
  1.69091210e-01  1.70807779e-01  1.72439352e-01  1.73966542e-01  1.75375134e-01
  1.76656142e-01  1.77805573e-01  1.78823814e-01  1.79714859e-01  1.80485442e-01
  4.93721999e-02  4.29085903e-02  3.57655063e-02  2.75982507e-02  1.82484239e-02
  1.07572852e-02  5.80382859e-03  3.47351679e-03  3.83408437e-03  4.59350273e-03
  4.75609582e-03  4.42050397e-03  4.01211157e-03  4.01364546e-03  4.80082026e-03
  6.62342412e-03  9.64906998e-03  1.39929540e-02  1.97167750e-02  2.67932676e-02
  3.50469984e-02  4.41533215e-02  5.37873916e-02  6.37698919e-02  7.40675479e-02
  8.47375542e-02  9.58838761e-02  1.07623667e-01  1.20027930e-01  1.32793769e-01
  1.44253135e-01  1.53292850e-01  1.59703374e-01  1.63393572e-01  1.64300382e-01
  1.62524149e-01  1.59313560e-01  1.56420961e-01  1.54183671e-01  1.52595118e-01
  1.51596189e-01  1.51121914e-01  1.51112646e-01  1.51516065e-01  1.52286097e-01
  1.53381243e-01  1.54762745e-01  1.56393275e-01  1.58235639e-01  1.60251960e-01
  1.62403032e-01  1.64648131e-01  1.66945189e-01  1.69251442e-01  1.71524599e-01
  1.73724473e-01  1.75814718e-01  1.77764684e-01  1.79550841e-01  1.81157663e-01
  1.82577834e-01  1.83811665e-01  1.84865877e-01  1.85752064e-01  1.86484963e-01
  4.72295359e-02  4.09084968e-02  3.41836289e-02  2.67714374e-02  1.88542381e-02
  1.38501059e-02  1.21092293e-02  1.18289208e-02  1.18425433e-02  1.19897453e-02
  1.21853622e-02  1.24505516e-02  1.29054347e-02  1.37245012e-02  1.50876855e-02
  1.71494633e-02  2.00262144e-02  2.37915609e-02  2.84715723e-02  3.40388194e-02
  4.04118225e-02  4.74698059e-02  5.50832152e-02  6.31433800e-02  7.15741068e-02
  8.03229660e-02  8.93379152e-02  9.85306203e-02  1.07723571e-01  1.16596825e-01
  1.24712445e-01  1.31660655e-01  1.37176931e-01  1.41155198e-01  1.43644720e-01
  1.44874901e-01  1.45252913e-01  1.45235777e-01  1.45169064e-01  1.45253792e-01
  1.45591408e-01  1.46226913e-01  1.47174895e-01  1.48433462e-01  1.49991304e-01
  1.51831269e-01  1.53931811e-01  1.56267434e-01  1.58808514e-01  1.61520839e-01
  1.64365068e-01  1.67296439e-01  1.70264944e-01  1.73216313e-01  1.76094070e-01
  1.78842574e-01  1.81410909e-01  1.83756620e-01  1.85849041e-01  1.87671080e-01
  1.89219609e-01  1.90504029e-01  1.91543609e-01  1.92364052e-01  1.92994073e-01
  4.52275276e-02  3.94237451e-02  3.40830348e-02  2.90205777e-02  2.44722776e-02
  2.21099034e-02  2.06921045e-02  1.98862161e-02  1.94929671e-02  1.93932671e-02
  1.95300821e-02  1.99008379e-02  2.05478594e-02  2.15433314e-02  2.29717605e-02
  2.49143373e-02  2.74374224e-02  3.05850189e-02  3.43743153e-02  3.87941562e-02
  4.38070856e-02  4.93554510e-02  5.53701371e-02  6.17784709e-02  6.85076490e-02
  7.54819065e-02  8.26138481e-02  8.97924453e-02  9.68724787e-02  1.03674069e-01
  1.10000394e-01  1.15671329e-01  1.20557785e-01  1.24604166e-01  1.27837688e-01
  1.30365461e-01  1.32355541e-01  1.34001851e-01  1.35486454e-01  1.36956260e-01
  1.38518035e-01  1.40243813e-01  1.42179266e-01  1.44351035e-01  1.46772087e-01
  1.49445206e-01  1.52365014e-01  1.55518726e-01  1.58886060e-01  1.62438512e-01
  1.66137993e-01  1.69935346e-01  1.73769295e-01  1.77566767e-01  1.81245685e-01
  1.84720859e-01  1.87912330e-01  1.90754220e-01  1.93201959e-01  1.95236489e-01
  1.96864694e-01  1.98116034e-01  1.99035749e-01  1.99676767e-01  2.00092271e-01
  4.11567837e-02  3.49937603e-02  3.25259529e-02  3.10051106e-02  2.94283908e-02
  2.81259138e-02  2.71718223e-02  2.65348013e-02  2.61678193e-02  2.60368977e-02
  2.61287782e-02  2.64518131e-02  2.70331930e-02  2.79135127e-02  2.91398261e-02
  3.07584945e-02  3.28089446e-02  3.53189074e-02  3.83013859e-02  4.17534374e-02
  4.56567183e-02  4.99794632e-02  5.46791889e-02  5.97051382e-02  6.49994537e-02
  7.04966709e-02  7.61218965e-02  8.17889422e-02  8.74002650e-02  9.28508118e-02
  9.80367437e-02  1.02867648e-01  1.07279211e-01  1.11242823e-01  1.14769869e-01
  1.17909722e-01  1.20741531e-01  1.23361610e-01  1.25869915e-01  1.28359139e-01
  1.30908519e-01  1.33581683e-01  1.36427402e-01  1.39481485e-01  1.42768905e-01
  1.46305531e-01  1.50099218e-01  1.54150143e-01  1.58450201e-01  1.62981242e-01
  1.67712048e-01  1.72593713e-01  1.77553833e-01  1.82491332e-01  1.87276602e-01
  1.91762358e-01  1.95805520e-01  1.99290261e-01  2.02143684e-01  2.04343721e-01
  2.05921113e-01  2.06952602e-01  2.07542524e-01  2.07799301e-01  2.07818210e-01
  3.93499956e-02  3.31236534e-02  3.21548954e-02  3.27547565e-02  3.28592211e-02
  3.27043943e-02  3.24547254e-02  3.22063118e-02  3.20154540e-02  3.19198743e-02
  3.19512486e-02  3.21414545e-02  3.25247720e-02  3.31375115e-02  3.40160653e-02
  3.51943150e-02  3.67009044e-02  3.85569371e-02  4.07743342e-02  4.33549993e-02
  4.62907515e-02  4.95639108e-02  5.31481989e-02  5.70097044e-02  6.11076131e-02
  6.53946549e-02  6.98174834e-02  7.43174329e-02  7.88322315e-02  8.32991153e-02
  8.76593739e-02  9.18637812e-02  9.58779007e-02  9.96860936e-02  1.03293374e-01
  1.06724545e-01  1.10020921e-01  1.13235205e-01  1.16425782e-01  1.19651511e-01
  1.22967847e-01  1.26424447e-01  1.30064264e-01  1.33923501e-01  1.38032153e-01
  1.42414704e-01  1.47090644e-01  1.52074724e-01  1.57376319e-01  1.62997812e-01
  1.68930694e-01  1.75147936e-01  1.81589320e-01  1.88134938e-01  1.94570407e-01
  2.00590506e-01  2.05892384e-01  2.10260645e-01  2.13573366e-01  2.15795323e-01
  2.16998443e-01  2.17383355e-01  2.17220336e-01  2.16738209e-01  2.16088638e-01
  4.10147645e-02  3.50024328e-02  3.48232798e-02  3.62106338e-02  3.70566621e-02
  3.74982432e-02  3.76548655e-02  3.76289748e-02  3.75044420e-02  3.73497829e-02
  3.72223146e-02  3.71716805e-02  3.72420885e-02  3.74734141e-02  3.79013866e-02
  3.85571420e-02  3.94664966e-02  4.06491756e-02  4.21182327e-02  4.38796841e-02
  4.59324941e-02  4.82688099e-02  5.08743934e-02  5.37291691e-02  5.68077937e-02
  6.00802824e-02  6.35127723e-02  6.70686215e-02  7.07098991e-02  7.43995085e-02
  7.81037062e-02  8.17948282e-02  8.54538605e-02  8.90723169e-02  9.26531330e-02
  9.62103456e-02  9.97677818e-02  1.03356801e-01  1.07013769e-01  1.10777535e-01
  1.14687294e-01  1.18781120e-01  1.23095103e-01  1.27663106e-01  1.32517010e-01
  1.37687311e-01  1.43203929e-01  1.49097174e-01  1.55398801e-01  1.62142873e-01
  1.69366226e-01  1.77107617e-01  1.85403407e-01  1.94273785e-01  2.03621343e-01
  2.12361053e-01  2.19609350e-01  2.25230470e-01  2.29111686e-01  2.31124312e-01
  2.31138840e-01  2.29637921e-01  2.27894664e-01  2.26171017e-01  2.24545464e-01
  4.57031801e-02  4.00066748e-02  4.00187746e-02  4.16675359e-02  4.27277647e-02
  4.32951264e-02  4.34743166e-02  4.33677994e-02  4.30685282e-02  4.26574051e-02
  4.22035083e-02  4.17655669e-02  4.13936414e-02  4.11305465e-02  4.10128161e-02
  4.10712995e-02  4.13314290e-02  4.18133251e-02  4.25318666e-02  4.34967466e-02
  4.47126590e-02  4.61795218e-02  4.78928126e-02  4.98439744e-02  5.20208068e-02
  5.44079393e-02  5.69873080e-02  5.97389191e-02  6.26418442e-02  6.56755269e-02
  6.88212961e-02  7.20639676e-02  7.53933936e-02  7.88055360e-02  8.23030025e-02
  8.58949274e-02  8.95963907e-02  9.34274271e-02  9.74119082e-02  1.01576380e-01
  1.05949059e-01  1.10559098e-01  1.15436226e-01  1.20610788e-01  1.26114190e-01
  1.31979764e-01  1.38244241e-01  1.44949779e-01  1.52146921e-01  1.59899026e-01
  1.68289036e-01  1.77430913e-01  1.87490135e-01  1.98724300e-01  2.11313620e-01
  2.22897440e-01  2.32272923e-01  2.39394620e-01  2.44163305e-01  2.46301457e-01
  2.45672509e-01  2.42153779e-01  2.38372713e-01  2.35138655e-01  2.32415408e-01
  5.31320795e-02  4.77669276e-02  4.77974564e-02  4.93710861e-02  5.02293445e-02
  5.04892729e-02  5.02871536e-02  4.97470982e-02  4.89753373e-02  4.80602868e-02
  4.70748208e-02  4.60790396e-02  4.51227725e-02  4.42476086e-02  4.34883982e-02
  4.28743623e-02  4.24298383e-02  4.21748273e-02  4.21254039e-02  4.22940403e-02
  4.26899306e-02  4.33192998e-02  4.41857204e-02  4.52904589e-02  4.66327816e-02
  4.82100546e-02  5.00173829e-02  5.20477779e-02  5.42926751e-02  5.67426831e-02
  5.93884662e-02  6.22219853e-02  6.52382448e-02  6.84361607e-02  7.18187690e-02
  7.53929242e-02  7.91689157e-02  8.31599608e-02  8.73818770e-02  9.18527097e-02
  9.65923518e-02  1.01622380e-01  1.06966071e-01  1.12648629e-01  1.18697859e-01
  1.25145197e-01  1.32027313e-01  1.39388472e-01  1.47284016e-01  1.55785352e-01
  1.64987490e-01  1.75020158e-01  1.86063945e-01  1.98369533e-01  2.12256789e-01
  2.26347968e-01  2.37779349e-01  2.46446654e-01  2.52368152e-01  2.55496413e-01
  2.55496502e-01  2.52231747e-01  2.46676490e-01  2.42171377e-01  2.38611490e-01
  6.36213571e-02  5.85796237e-02  5.87617867e-02  5.98179027e-02  5.98944947e-02
  5.92921413e-02  5.82273640e-02  5.68551235e-02  5.52874431e-02  5.36078662e-02
  5.18807434e-02  5.01571223e-02  4.84784432e-02  4.68790121e-02  4.53876629e-02
  4.40289155e-02  4.28238064e-02  4.17905264e-02  4.09449227e-02  4.03009132e-02
  3.98708880e-02  3.96660529e-02  3.96967754e-02  3.99728827e-02  4.05046865e-02
  4.13034782e-02  4.23768573e-02  4.37288061e-02  4.53604832e-02  4.72704172e-02
  4.94541973e-02  5.19048572e-02  5.46195470e-02  5.75997494e-02  6.08500652e-02
  6.43769428e-02  6.81876987e-02  7.22903162e-02  7.66941234e-02  8.14100355e-02
  8.64505172e-02  9.18296725e-02  9.75634158e-02  1.03669815e-01  1.10169590e-01
  1.17086954e-01  1.24450803e-01  1.32296309e-01  1.40667200e-01  1.49618819e-01
  1.59221977e-01  1.69567794e-01  1.80772945e-01  1.92984328e-01  2.06382900e-01
  2.21118048e-01  2.34025970e-01  2.44012177e-01  2.51146883e-01  2.55450189e-01
  2.56996542e-01  2.55437076e-01  2.50724494e-01  2.45742828e-01  2.42055863e-01
  7.96747506e-02  7.56551251e-02  7.45819435e-02  7.36424252e-02  7.18087479e-02
  6.95550591e-02  6.70768023e-02  6.44771084e-02  6.18208051e-02  5.91538288e-02
  5.65114580e-02  5.39222956e-02  5.14104404e-02  4.89967391e-02  4.66996431e-02
  4.45357934e-02  4.25205119e-02  4.06682305e-02  3.89929302e-02  3.75085250e-02
  3.62292640e-02  3.51700224e-02  3.43468785e-02  3.37746404e-02  3.34728248e-02
  3.34832519e-02  3.38253491e-02  3.45112123e-02  3.55506949e-02  3.69512811e-02
  3.87119092e-02  4.08030786e-02  4.32235673e-02  4.59819324e-02  4.90890853e-02
  5.25544956e-02  5.63835278e-02  6.05764538e-02  6.51355162e-02  7.00647160e-02
  7.53689557e-02  8.10543448e-02  8.71284381e-02  9.36004072e-02  1.00481264e-01
  1.07784137e-01  1.15524650e-01  1.23721398e-01  1.32396430e-01  1.41575649e-01
  1.51288912e-01  1.61569491e-01  1.72452539e-01  1.83972910e-01  1.96165428e-01
  2.09087864e-01  2.22151190e-01  2.32416287e-01  2.40214854e-01  2.45718047e-01
  2.48834550e-01  2.49740034e-01  2.48133183e-01  2.44576737e-01  2.42078289e-01
  1.02007166e-01  1.00727819e-01  9.52843875e-02  8.95923600e-02  8.47350284e-02
  8.02798346e-02  7.60685652e-02  7.20321462e-02  6.81378320e-02  6.43701851e-02
  6.07229918e-02  5.71953356e-02  5.37895299e-02  5.05099781e-02  4.73625176e-02
  4.43541110e-02  4.14927602e-02  3.87876295e-02  3.62493470e-02  3.38905230e-02
  3.17261070e-02  2.97728069e-02  2.80610640e-02  2.65895557e-02  2.53255367e-02
  2.44996138e-02  2.40887199e-02  2.40946654e-02  2.45362669e-02  2.54516192e-02
  2.69123204e-02  2.86654700e-02  3.07781268e-02  3.32926027e-02  3.62395532e-02
  3.96408327e-02  4.35031056e-02  4.77939174e-02  5.25092445e-02  5.76494560e-02
  6.32107407e-02  6.91906139e-02  7.55876750e-02  8.24015588e-02  8.96326303e-02
  9.72816572e-02  1.05349422e-01  1.13836154e-01  1.22740649e-01  1.32058769e-01
  1.41780943e-01  1.51887894e-01  1.62343383e-01  1.73081309e-01  1.83980480e-01
  1.94809482e-01  2.05129549e-01  2.14373007e-01  2.22191945e-01  2.28462875e-01
  2.33163655e-01  2.36346170e-01  2.38176793e-01  2.39036798e-01  2.39468932e-01
  1.18086733e-01  1.17736101e-01  1.10782504e-01  1.02933228e-01  9.60360318e-02
  8.98195282e-02  8.40961188e-02  7.87417144e-02  7.36751631e-02  6.88428953e-02
  6.42092228e-02  5.97503521e-02  5.54506220e-02  5.13001643e-02  4.72933315e-02
  4.34277356e-02  3.97036672e-02  3.61239500e-02  3.26942764e-02  2.94246357e-02
  2.63330378e-02  2.33959351e-02  2.08187550e-02  1.85807291e-02  1.66879054e-02
  1.51802180e-02  1.40815880e-02  1.34122847e-02  1.31925391e-02  1.34416139e-02
  1.41712427e-02  1.53658986e-02  1.70403458e-02  1.92232113e-02  2.19540671e-02
  2.52892636e-02  2.93200072e-02  3.37416343e-02  3.86299714e-02  4.40120772e-02
  4.98559624e-02  5.61514907e-02  6.28884807e-02  7.00581670e-02  7.76513964e-02
  8.56578797e-02  9.40653384e-02  1.02858476e-01  1.12017535e-01  1.21516265e-01
  1.31318957e-01  1.41376182e-01  1.51618555e-01  1.61948502e-01  1.72230035e-01
  1.82281017e-01  1.91879407e-01  2.00796470e-01  2.08843514e-01  2.15899691e-01
  2.21915916e-01  2.26912588e-01  2.30978549e-01  2.34261155e-01  2.36932456e-01
  1.27909347e-01  1.27767652e-01  1.20865963e-01  1.12289287e-01  1.04408026e-01
  9.71317664e-02  9.03571919e-02  8.39932039e-02  7.79655799e-02  7.22162351e-02
  6.67006969e-02  6.13853708e-02  5.62451221e-02  5.12613766e-02  4.64206152e-02
  4.17132303e-02  3.71325724e-02  3.26739922e-02  2.83335168e-02  2.41056532e-02
  2.01859884e-02  1.65634379e-02  1.32659683e-02  1.03130201e-02  7.72570958e-03
  5.52978553e-03  3.75094148e-03  2.41419161e-03  1.54371874e-03  1.16225693e-03
  1.29005837e-03  1.94481097e-03  3.14808078e-03  4.92545916e-03  7.30509404e-03
  1.03147980e-02  1.39748007e-02  1.82772763e-02  2.32634358e-02  2.90207416e-02
  3.52013893e-02  4.18658555e-02  4.89899479e-02  5.65630086e-02  6.45688176e-02
  7.29889721e-02  8.18015561e-02  9.09803808e-02  1.00493833e-01  1.10303275e-01
  1.20361045e-01  1.30607873e-01  1.40969992e-01  1.51356444e-01  1.61657587e-01
  1.71746910e-01  1.81487858e-01  1.90745860e-01  1.99402511e-01  2.07367331e-01
  2.14584395e-01  2.21034110e-01  2.26730645e-01  2.31714621e-01  2.36041576e-01
  1.34437293e-01  1.34385467e-01  1.27206966e-01  1.18273899e-01  1.09894000e-01
  1.02015421e-01  9.45757926e-02  8.75118151e-02  8.07655379e-02  7.42870718e-02
  6.80349320e-02  6.19753972e-02  5.60814366e-02  5.03315441e-02  4.47087809e-02
  3.91999520e-02  3.37950662e-02  2.84867939e-02  2.32692547e-02  1.83352847e-02
  1.36952400e-02  9.36160050e-03  5.35360351e-03  1.69359648e-03 -1.59343821e-03
 -4.48018592e-03 -6.93799090e-03 -8.93760473e-03 -1.04497448e-02 -1.14455707e-02
 -1.18970051e-02 -1.17766494e-02 -1.10570965e-02 -9.71099455e-03 -7.71180401e-03
 -5.03509119e-03 -1.66007166e-03  2.42997706e-03  7.25413579e-03  1.28288735e-02
  1.91498231e-02  2.62870304e-02  3.38526107e-02  4.19018306e-02  5.03992960e-02
  5.93230389e-02  6.86438829e-02  7.83287808e-02  8.83394405e-02  9.86317620e-02
  1.09154962e-01  1.19850375e-01  1.30650297e-01  1.41477317e-01  1.52244523e-01
  1.62857324e-01  1.73216909e-01  1.83225170e-01  1.92790166e-01  2.01831058e-01
  2.10281596e-01  2.18091726e-01  2.25227490e-01  2.31669247e-01  2.37409130e-01
  1.37971997e-01  1.37883589e-01  1.30477846e-01  1.21387377e-01  1.12786829e-01
  1.04609288e-01  9.67943296e-02  8.92872214e-02  8.20405930e-02  7.50141442e-02
  6.81738257e-02  6.14910163e-02  5.49416617e-02  4.85055335e-02  4.21655402e-02
  3.59073058e-02  2.97195520e-02  2.35968810e-02  1.77254267e-02  1.21177100e-02
  6.78941282e-03  1.75952865e-03 -2.94919498e-03 -7.31068198e-03 -1.12959798e-02
 -1.48737589e-02 -1.80109255e-02 -2.06732359e-02 -2.28258818e-02 -2.44340282e-02
 -2.54632700e-02 -2.58800108e-02 -2.56517641e-02 -2.47475989e-02 -2.31387559e-02
 -2.07993481e-02 -1.77070051e-02 -1.38431834e-02 -9.19304881e-03 -3.74656543e-03
  2.50014779e-03  9.54772439e-03  1.73753705e-02  2.60424875e-02  3.51237617e-02
  4.46670428e-02  5.46238422e-02  6.49589524e-02  7.56293088e-02  8.65884200e-02
  9.77866054e-02  1.09170094e-01  1.20680079e-01  1.32252097e-01  1.43815875e-01
  1.55295894e-01  1.66612372e-01  1.77682787e-01  1.88423499e-01  1.98751181e-01
  2.08584204e-01  2.17843771e-01  2.26455182e-01  2.34349698e-01  2.41467163e-01
  1.38276666e-01  1.37956500e-01  1.30832523e-01  1.21873558e-01  1.13354355e-01
  1.05159581e-01  9.72154886e-02  8.94762129e-02  8.19087923e-02  7.44867027e-02
  6.71873018e-02  5.99906668e-02  5.28790802e-02  4.58364189e-02  3.88473161e-02
  3.18952464e-02  2.49581616e-02  1.82297565e-02  1.17268162e-02  5.46638714e-03
 -5.31840138e-04 -6.24468736e-03 -1.16452780e-02 -1.67032126e-02 -2.13849396e-02
 -2.56542303e-02 -2.94727534e-02 -3.28006744e-02 -3.55973095e-02 -3.78217474e-02
 -3.94335128e-02 -4.03931811e-02 -4.06630076e-02 -4.02075909e-02 -3.89945209e-02
 -3.69950719e-02 -3.41847949e-02 -3.05440165e-02 -2.60582864e-02 -2.07188595e-02
 -1.45231104e-02 -7.47465622e-03  4.15930554e-04  9.13457852e-03  1.86443608e-02
  2.89926827e-02  3.97214964e-02  5.08686118e-02  6.23703413e-02  7.41769969e-02
  8.62432420e-02  9.85236764e-02  1.10970661e-01  1.23533040e-01  1.36155322e-01
  1.48776934e-01  1.61331549e-01  1.73746154e-01  1.85939893e-01  1.97822720e-01
  2.09294140e-01  2.20242679e-01  2.30547175e-01  2.40080819e-01  2.48719066e-01
  1.35466173e-01  1.34513497e-01  1.27994373e-01  1.19995937e-01  1.12019964e-01
  1.04077809e-01  9.61903259e-02  8.83642882e-02  8.05986300e-02  7.28878900e-02
  6.52241334e-02  5.75982518e-02  5.00009321e-02  4.24235463e-02  3.48592550e-02
  2.73046866e-02  1.97626650e-02  1.24309650e-02  5.31042460e-03 -1.58662512e-03
 -8.24024249e-03 -1.46246636e-02 -2.07092464e-02 -2.64591146e-02 -3.18357311e-02
 -3.67974676e-02 -4.13002223e-02 -4.52981070e-02 -4.87441383e-02 -5.15910350e-02
 -5.37919663e-02 -5.53013720e-02 -5.60757816e-02 -5.60745895e-02 -5.52608781e-02
 -5.36021180e-02 -5.10708727e-02 -4.76453379e-02 -4.33098190e-02 -3.80550809e-02
 -3.18785794e-02 -2.47845054e-02 -1.67837422e-02 -7.89358839e-03  1.86172151e-03
  1.24545917e-02  2.38328036e-02  3.60279866e-02  4.85447720e-02  6.13649711e-02
  7.44633824e-02  8.78108516e-02  1.01375267e-01  1.15121648e-01  1.29011497e-01
  1.43001541e-01  1.57041758e-01  1.71072558e-01  1.85020849e-01  1.98794886e-01
  2.12278217e-01  2.25323707e-01  2.37749934e-01  2.49344155e-01  2.59876370e-01
  1.31937891e-01  1.30357921e-01  1.24559470e-01  1.17289081e-01  1.09740376e-01
  1.02019019e-01  9.41983014e-02  8.63182843e-02  7.83995092e-02  7.04512596e-02
  6.24761246e-02  5.44726364e-02  4.64369804e-02  3.83644141e-02  3.02510150e-02
  2.20973697e-02  1.40784793e-02  6.21138746e-03 -1.48640259e-03 -8.99364334e-03
 -1.62843354e-02 -2.33275518e-02 -3.00876200e-02 -3.65244411e-02 -4.25939411e-02
 -4.82486151e-02 -5.34381494e-02 -5.81101663e-02 -6.22109957e-02 -6.56865463e-02
 -6.84832260e-02 -7.05488846e-02 -7.18337595e-02 -7.22914413e-02 -7.18797669e-02
 -7.05616474e-02 -6.83058426e-02 -6.50875419e-02 -6.08888268e-02 -5.56989759e-02
 -4.95145135e-02 -4.23390903e-02 -3.41830812e-02 -2.50629056e-02 -1.49999773e-02
 -4.01893305e-03  7.85445701e-03  2.06024144e-02  3.42051685e-02  4.81335111e-02
  6.23713508e-02  7.69018680e-02  9.17081684e-02  1.06773406e-01  1.22080155e-01
  1.37608871e-01  1.53335363e-01  1.69226825e-01  1.85235694e-01  2.01290473e-01
  2.17282042e-01  2.33044684e-01  2.48332500e-01  2.62799472e-01  2.76008517e-01
  1.29834801e-01  1.28052592e-01  1.22139454e-01  1.14786893e-01  1.07235245e-01
  9.95141193e-02  9.16514322e-02  8.36702958e-02  7.55867362e-02  6.74103498e-02
  5.91455437e-02  5.07927462e-02  4.23489362e-02  3.38072143e-02  2.51539256e-02
  1.65708400e-02  8.07649363e-03 -3.09853436e-04 -8.56617186e-03 -1.66663714e-02
 -2.45796237e-02 -3.22701111e-02 -3.96970585e-02 -4.68149595e-02 -5.35739735e-02
 -5.99204339e-02 -6.57975301e-02 -7.11460635e-02 -7.59053230e-02 -8.00140426e-02
 -8.34114552e-02 -8.60383809e-02 -8.78382847e-02 -8.87584090e-02 -8.87507945e-02
 -8.77732337e-02 -8.57900977e-02 -8.27730075e-02 -7.87013024e-02 -7.35623389e-02
 -6.73514232e-02 -6.00716323e-02 -5.17332070e-02 -4.23527323e-02 -3.19519788e-02
 -2.05564108e-02 -8.19347985e-03  5.10922866e-03  1.93240214e-02  3.44237350e-02
  4.98657115e-02  6.56432509e-02  8.17538500e-02  9.82009470e-02  1.14993118e-01
  1.32142797e-01  1.49664521e-01  1.67572245e-01  1.85874373e-01  2.04565048e-01
  2.23608062e-01  2.42907211e-01  2.62250036e-01  2.81191796e-01  2.98824906e-01
  1.27945185e-01  1.25991836e-01  1.19725101e-01  1.12230733e-01  1.04570456e-01
  9.67464074e-02  8.87666345e-02  8.06387812e-02  7.23688453e-02  6.39606863e-02
  5.54160364e-02  4.67349067e-02  3.79165709e-02  2.89618019e-02  1.98787116e-02
  1.08511318e-02  1.88227708e-03 -7.01383408e-03 -1.58155318e-02 -2.44946815e-02
 -3.30171287e-02 -4.13429365e-02 -4.94265929e-02 -5.72173260e-02 -6.46595359e-02
 -7.16933236e-02 -7.82552287e-02 -8.42790380e-02 -8.96967649e-02 -9.44397002e-02
 -9.84396115e-02 -1.01629905e-01 -1.03946947e-01 -1.05331242e-01 -1.05728656e-01
 -1.05091475e-01 -1.03379339e-01 -1.00560039e-01 -9.66100022e-02 -9.15145725e-02
 -8.52679908e-02 -7.78731257e-02 -6.93407878e-02 -5.96888624e-02 -4.89411168e-02
 -3.71257663e-02 -2.42739785e-02 -1.04183368e-02  4.40842705e-03  2.01746784e-02
  3.68513353e-02  5.38911000e-02  7.12997243e-02  8.91038552e-02  1.07342415e-01
  1.26065299e-01  1.45334437e-01  1.65225625e-01  1.85830355e-01  2.07257032e-01
  2.29631007e-01  2.53090739e-01  2.77772248e-01  3.03720504e-01  3.29557031e-01
  1.25591785e-01  1.23425052e-01  1.17139943e-01  1.09507360e-01  1.01717032e-01
  9.37645957e-02  8.56451839e-02  7.73551390e-02  6.88917413e-02  6.02525324e-02
  5.14346436e-02  4.24340926e-02  3.32445018e-02  2.38539856e-02  1.44369472e-02
  5.01267845e-03 -4.40165214e-03 -1.37856267e-02 -2.31136046e-02 -3.23539935e-02
 -4.14690040e-02 -5.04146218e-02 -5.91407456e-02 -6.75914660e-02 -7.57054910e-02
 -8.34167525e-02 -9.06551033e-02 -9.73472744e-02 -1.03417888e-01 -1.08790681e-01
 -1.13389738e-01 -1.17140926e-01 -1.19973257e-01 -1.21820316e-01 -1.22621559e-01
 -1.22323617e-01 -1.20881297e-01 -1.18258476e-01 -1.14428706e-01 -1.09375507e-01
 -1.03092380e-01 -9.55824703e-02 -8.68578479e-02 -7.69385323e-02 -6.58511743e-02
 -5.36274761e-02 -4.03024442e-02 -2.59125587e-02 -1.04941204e-02  5.91782713e-03
  2.32887156e-02  4.15785909e-02  6.01998195e-02  7.92334825e-02  9.87539664e-02
  1.18845046e-01  1.39609888e-01  1.61179736e-01  1.83724076e-01  2.07464486e-01
  2.32695282e-01  2.59817958e-01  2.89407074e-01  3.22356880e-01  3.57029319e-01
  1.23075448e-01  1.20706581e-01  1.14296354e-01  1.06548913e-01  9.86570120e-02
  9.05993581e-02  8.23571980e-02  7.39178360e-02  6.52726591e-02  5.64154163e-02
  4.73411381e-02  3.80460396e-02  2.85289120e-02  1.87961217e-02  9.02097579e-03
 -7.94711465e-04 -1.06386831e-02 -2.04908401e-02 -3.03240046e-02 -4.01041061e-02
 -4.97901924e-02 -5.93345091e-02 -6.86826035e-02 -7.77736604e-02 -8.65408927e-02
 -9.49121639e-02 -1.02810800e-01 -1.10156536e-01 -1.16866685e-01 -1.22857399e-01
 -1.28045142e-01 -1.32348180e-01 -1.35688171e-01 -1.37991726e-01 -1.39191926e-01
 -1.39229715e-01 -1.38055116e-01 -1.35628268e-01 -1.31920040e-01 -1.26912445e-01
 -1.20598696e-01 -1.12982787e-01 -1.04078799e-01 -9.39097330e-02 -8.25060606e-02
 -6.99038282e-02 -5.61423972e-02 -4.12616879e-02 -2.52986066e-02 -8.28195084e-03
  9.77601670e-03  2.88957339e-02  4.84519303e-02  6.84653223e-02  8.89892429e-02
  1.10107057e-01  1.31934106e-01  1.54624104e-01  1.78380489e-01  2.03473493e-01
  2.30264902e-01  2.59241700e-01  2.91054696e-01  3.26543719e-01  3.64840418e-01
  1.20378904e-01  1.17821909e-01  1.11050338e-01  1.03295520e-01  9.54030380e-02
  8.73090625e-02  7.89885074e-02  7.04293177e-02  6.16238378e-02  5.25656305e-02
  4.32479531e-02  3.36622708e-02  2.37950813e-02  1.38101783e-02  3.72308935e-03
 -6.45218976e-03 -1.66980699e-02 -2.69913282e-02 -3.73022109e-02 -4.75939587e-02
 -5.78225777e-02 -6.79367855e-02 -7.78780580e-02 -8.75809267e-02 -9.69733745e-02
 -1.05977498e-01 -1.14510320e-01 -1.22484818e-01 -1.29811198e-01 -1.36398241e-01
 -1.42154977e-01 -1.46992221e-01 -1.50824457e-01 -1.53571486e-01 -1.55160174e-01
 -1.55525982e-01 -1.54614419e-01 -1.52382061e-01 -1.48797467e-01 -1.43841594e-01
 -1.37507841e-01 -1.29801750e-01 -1.20740198e-01 -1.10350259e-01 -9.86676216e-02
 -8.57346803e-02 -7.15982765e-02 -5.63071556e-02 -3.99092734e-02 -2.24490091e-02
 -3.96500621e-03  1.55097228e-02  3.59406061e-02  5.67606091e-02  7.80131519e-02
  9.97764468e-02  1.22157872e-01  1.45297408e-01  1.69376433e-01  1.94631487e-01
  2.21375436e-01  2.50029594e-01  2.81174421e-01  3.15623224e-01  3.52787644e-01
  1.16189644e-01  1.13093175e-01  1.07148789e-01  9.98484567e-02  9.21088979e-02
  8.40419382e-02  7.56756887e-02  6.70187250e-02  5.80721647e-02  4.88335900e-02
  3.92992608e-02  2.94667613e-02  1.93406492e-02  9.08353832e-03 -1.30597793e-03
 -1.18191196e-02 -2.24392619e-02 -3.31424735e-02 -4.38974537e-02 -5.46653457e-02
 -6.53995275e-02 -7.60455653e-02 -8.65412354e-02 -9.68167782e-02 -1.06795341e-01
 -1.16393618e-01 -1.25522718e-01 -1.34089246e-01 -1.41996697e-01 -1.49146885e-01
 -1.55441716e-01 -1.60785004e-01 -1.65084377e-01 -1.68253183e-01 -1.70212418e-01
 -1.70892447e-01 -1.70234561e-01 -1.68192238e-01 -1.64732084e-01 -1.59834415e-01
 -1.53493360e-01 -1.45716578e-01 -1.36524439e-01 -1.25948936e-01 -1.14031985e-01
 -1.00823626e-01 -8.63797441e-02 -7.07596987e-02 -5.40239103e-02 -3.62315401e-02
 -1.74387433e-02  2.30200263e-03  2.29405407e-02  4.44248170e-02  6.61443919e-02
  8.81941319e-02  1.10663518e-01  1.33650959e-01  1.57271057e-01  1.81659728e-01
  2.06979051e-01  2.33424321e-01  2.61241317e-01  2.90802181e-01  3.22100103e-01
  1.13758914e-01  1.10570505e-01  1.04319125e-01  9.68981832e-02  8.91299248e-02
  8.10206831e-02  7.25827962e-02  6.38223886e-02  5.47394380e-02  4.53289971e-02
  3.55814286e-02  2.54809782e-02  1.51837803e-02  4.70211403e-03 -5.95366675e-03
 -1.67700425e-02 -2.77280547e-02 -3.88021320e-02 -4.99593467e-02 -6.11589439e-02
 -7.23520070e-02 -8.34813192e-02 -9.44813713e-02 -1.05278574e-01 -1.15791708e-01
 -1.25932544e-01 -1.35606825e-01 -1.44715339e-01 -1.53155386e-01 -1.60822392e-01
 -1.67611763e-01 -1.73420817e-01 -1.78150892e-01 -1.81709453e-01 -1.84012160e-01
 -1.84984729e-01 -1.84564739e-01 -1.82703003e-01 -1.79364622e-01 -1.74529687e-01
 -1.68193460e-01 -1.60366073e-01 -1.51071876e-01 -1.40348122e-01 -1.28243521e-01
 -1.14816159e-01 -1.00131318e-01 -8.42590034e-02 -6.72712624e-02 -4.92393076e-02
 -3.02301701e-02 -1.03022391e-02  1.05022127e-02  3.21721993e-02  5.40264100e-02
  7.60535151e-02  9.82743725e-02  1.20720334e-01  1.43422186e-01  1.66399822e-01
  1.89646363e-01  2.13098362e-01  2.36573339e-01  2.59633154e-01  2.81357527e-01
  1.11885890e-01  1.08594231e-01  1.02040246e-01  9.44544449e-02  8.65632519e-02
  7.83523843e-02  6.98150545e-02  6.09454848e-02  5.17370254e-02  4.21812572e-02
  3.22676189e-02  2.19832603e-02  1.14941411e-02  7.99145084e-04 -1.00963479e-02
 -2.11805925e-02 -3.24350260e-02 -4.38337103e-02 -5.53428270e-02 -6.69202358e-02
 -7.85151795e-02 -9.00681093e-02 -1.01510704e-01 -1.12766065e-01 -1.23749137e-01
 -1.34367421e-01 -1.44521907e-01 -1.54108271e-01 -1.63018376e-01 -1.71141967e-01
 -1.78368717e-01 -1.84590206e-01 -1.89702243e-01 -1.93607137e-01 -1.96215838e-01
 -1.97450101e-01 -1.97244361e-01 -1.95547208e-01 -1.92322716e-01 -1.87551051e-01
 -1.81228861e-01 -1.73368990e-01 -1.63999796e-01 -1.53163955e-01 -1.40916854e-01
 -1.27324656e-01 -1.12462014e-01 -9.64097455e-02 -7.92522132e-02 -6.10748976e-02
 -4.19621319e-02 -2.19954979e-02 -1.25401816e-03  2.01806575e-02  4.22052369e-02
  6.41302615e-02  8.59847441e-02  1.07770406e-01  1.29466668e-01  1.51024774e-01
  1.72354221e-01  1.93302006e-01  2.13625357e-01  2.32966945e-01  2.50858724e-01
  1.09948516e-01  1.06522210e-01  1.00009851e-01  9.23240334e-02  8.43346640e-02
  7.60321096e-02  6.74040467e-02  5.84387444e-02  4.91248779e-02  3.94513011e-02
  2.94067301e-02  1.89789031e-02  8.33051279e-03 -2.54263892e-03 -1.36377029e-02
 -2.49444302e-02 -3.64448763e-02 -4.81130444e-02 -5.99145219e-02 -7.18061104e-02
 -8.37355703e-02 -9.56414416e-02 -1.07453056e-01 -1.19090743e-01 -1.30466282e-01
 -1.41483560e-01 -1.52039617e-01 -1.62025794e-01 -1.71329394e-01 -1.79835469e-01
 -1.87428817e-01 -1.93996251e-01 -1.99428990e-01 -2.03625008e-01 -2.06491441e-01
 -2.07946792e-01 -2.07922950e-01 -2.06366882e-01 -2.03241959e-01 -1.98528707e-01
 -1.92225263e-01 -1.84347108e-01 -1.74926430e-01 -1.64010912e-01 -1.51662156e-01
 -1.37953728e-01 -1.22968882e-01 -1.06798217e-01 -8.95371586e-02 -7.12834597e-02
 -5.21347634e-02 -3.21860351e-02 -1.15264077e-02  9.76626016e-03  3.16381715e-02
  5.33392914e-02  7.48006627e-02  9.59739089e-02  1.16805270e-01  1.37221262e-01
  1.57118484e-01  1.76355213e-01  1.94746405e-01  2.12065712e-01  2.28059813e-01
  1.08360946e-01  1.04844131e-01  9.82147306e-02  9.04568732e-02  8.24072808e-02
  7.40479305e-02  6.53608218e-02  5.63293472e-02  4.69386354e-02  3.71759571e-02
  2.70322692e-02  1.65067371e-02  5.74752036e-03 -5.25406236e-03 -1.64967477e-02
 -2.79707257e-02 -3.96579467e-02 -5.15319742e-02 -6.35576695e-02 -7.56908506e-02
 -8.78779888e-02 -1.00056067e-01 -1.12152539e-01 -1.24085538e-01 -1.35764316e-01
 -1.47089958e-01 -1.57956377e-01 -1.68251559e-01 -1.77859291e-01 -1.86660886e-01
 -1.94537416e-01 -2.01372057e-01 -2.07052425e-01 -2.11473256e-01 -2.14538768e-01
 -2.16165036e-01 -2.16282144e-01 -2.14835972e-01 -2.11789489e-01 -2.07123786e-01
 -2.00838417e-01 -1.92951217e-01 -1.83497667e-01 -1.72529772e-01 -1.60114363e-01
 -1.46331191e-01 -1.31270722e-01 -1.15031742e-01 -9.77189466e-02 -7.94407129e-02
 -6.03070483e-02 -4.04281616e-02 -1.99140180e-02  1.12395000e-03  2.25660317e-02
  4.42644022e-02  6.54774383e-02  8.61990228e-02  1.06392495e-01  1.25996277e-01
  1.44925326e-01  1.63071871e-01  1.80307865e-01  1.96490675e-01  2.11473048e-01
  1.06927693e-01  1.03336021e-01  9.65872258e-02  8.88129696e-02  8.07637647e-02
  7.24038035e-02  6.37064427e-02  5.46500348e-02  4.52154018e-02  3.53833139e-02
  2.51314007e-02  1.46018891e-02  3.80014884e-03 -7.27005070e-03 -1.86016206e-02
 -3.01817935e-02 -4.19908091e-02 -5.40010408e-02 -6.61763400e-02 -7.84715042e-02
 -9.08319354e-02 -1.03193365e-01 -1.15481853e-01 -1.27613932e-01 -1.39497057e-01
 -1.51030347e-01 -1.62105516e-01 -1.72608286e-01 -1.82419971e-01 -1.91419378e-01
 -1.99485078e-01 -2.06497744e-01 -2.12342680e-01 -2.16912448e-01 -2.20109373e-01
 -2.21848071e-01 -2.22057536e-01 -2.20683023e-01 -2.17687547e-01 -2.13052750e-01
 -2.06779405e-01 -1.98887244e-01 -1.89414322e-01 -1.78415850e-01 -1.65962562e-01
 -1.52138799e-01 -1.37040198e-01 -1.20771341e-01 -1.03443384e-01 -8.51716474e-02
 -6.60735071e-02 -4.62665558e-02 -2.58671045e-02 -4.98895906e-03  1.62581094e-02
  3.77723798e-02  5.87259978e-02  7.90927634e-02  9.88327563e-02  1.17891371e-01
  1.36199847e-01  1.53676942e-01  1.70232117e-01  1.85770243e-01  2.00198144e-01
  1.05284832e-01  1.01575106e-01  9.49963257e-02  8.73536840e-02  7.94179738e-02
  7.11392537e-02  6.24938458e-02  5.34658730e-02  4.40407433e-02  3.42032313e-02
  2.39369422e-02  1.33973043e-02  2.57862359e-03 -8.51844251e-03 -1.98871419e-02
 -3.15141678e-02 -4.33789939e-02 -5.54532111e-02 -6.76999018e-02 -8.00731182e-02
 -9.25174654e-02 -1.04967870e-01 -1.17349505e-01 -1.29577994e-01 -1.41559750e-01
 -1.53192788e-01 -1.64367720e-01 -1.74969003e-01 -1.84876725e-01 -1.93968490e-01
 -2.02121601e-01 -2.09215567e-01 -2.15134621e-01 -2.19770372e-01 -2.23024398e-01
 -2.24810719e-01 -2.25058004e-01 -2.23711506e-01 -2.20734477e-01 -2.16109157e-01
 -2.09837228e-01 -2.01939732e-01 -1.92456335e-01 -1.81444243e-01 -1.68976501e-01
 -1.55140087e-01 -1.40033618e-01 -1.23764932e-01 -1.06448643e-01 -8.82036686e-02
 -6.91509321e-02 -4.94111776e-02 -2.91029196e-02 -8.34045839e-03  1.27682695e-02
  3.41240726e-02  5.48769198e-02  7.49960616e-02  9.44416076e-02  1.13164060e-01
  1.31104961e-01  1.48198545e-01  1.64374590e-01  1.79562077e-01  1.93693742e-01
  1.03438243e-01  9.94398370e-02  9.34138596e-02  8.62290859e-02  7.85109773e-02
  7.03634098e-02  6.18070215e-02  5.28432801e-02  4.34661321e-02  3.36655453e-02
  2.34290268e-02  1.29148411e-02  2.11779377e-03 -8.96121003e-03 -2.03149840e-02
 -3.19296494e-02 -4.37840857e-02 -5.58493100e-02 -6.80878833e-02 -8.04534033e-02
 -9.28900838e-02 -1.05332494e-01 -1.17705531e-01 -1.29924536e-01 -1.41895741e-01
 -1.53517008e-01 -1.64678827e-01 -1.75265610e-01 -1.85157448e-01 -1.94231987e-01
 -2.02366650e-01 -2.09441125e-01 -2.15339869e-01 -2.19954804e-01 -2.23187819e-01
 -2.24953353e-01 -2.25180537e-01 -2.23815069e-01 -2.20820740e-01 -2.16180325e-01
 -2.09896117e-01 -2.01989695e-01 -1.92501381e-01 -1.81488961e-01 -1.69026166e-01
 -1.55200630e-01 -1.40111625e-01 -1.23867758e-01 -1.06584363e-01 -8.83811638e-02
 -6.93799108e-02 -4.97021861e-02 -2.94673424e-02 -8.79044272e-03  1.22199543e-02
  3.34643200e-02  5.40904924e-02  7.40684345e-02  9.33598578e-02  1.11918040e-01
  1.29688591e-01  1.46611273e-01  1.62622675e-01  1.77659571e-01  1.91662803e-01
  1.03368230e-01  9.94911641e-02  9.32095498e-02  8.59426707e-02  7.82798082e-02
  7.02097863e-02  6.17309250e-02  5.28404228e-02  4.35322411e-02  3.37971672e-02
  2.36232672e-02  1.31692225e-02  2.43225368e-03 -8.58464278e-03 -1.98728181e-02
 -3.14174071e-02 -4.31966297e-02 -5.51810488e-02 -6.73329532e-02 -7.96058103e-02
 -9.19438303e-02 -1.04281753e-01 -1.16544768e-01 -1.28648683e-01 -1.40500367e-01
 -1.51998460e-01 -1.63034394e-01 -1.73493713e-01 -1.83257714e-01 -1.92205399e-01
 -2.00215667e-01 -2.07169712e-01 -2.12953508e-01 -2.17460498e-01 -2.20594049e-01
 -2.22269908e-01 -2.22418398e-01 -2.20986232e-01 -2.17937931e-01 -2.13256776e-01
 -2.06945226e-01 -1.99024752e-01 -1.89535245e-01 -1.78533733e-01 -1.66092902e-01
 -1.52299032e-01 -1.37249857e-01 -1.21052131e-01 -1.03819303e-01 -8.56691301e-02
 -6.67215660e-02 -4.70969044e-02 -2.69142110e-02 -6.28997851e-03  1.46636199e-02
  3.58431377e-02  5.64139970e-02  7.63512775e-02  9.56190005e-02  1.14170112e-01
  1.31947815e-01  1.48887739e-01  1.64921045e-01  1.79978177e-01  1.93993330e-01
  1.03666894e-01  9.98358354e-02  9.35935527e-02  8.63423124e-02  7.87148327e-02
  7.07009286e-02  6.22917339e-02  5.34798354e-02  4.42572758e-02  3.46137062e-02
  2.45338883e-02  1.41655011e-02  3.51897301e-03 -7.39776529e-03 -1.85741875e-02
 -2.99946871e-02 -4.16371785e-02 -5.34721538e-02 -6.54619932e-02 -7.75604099e-02
 -8.97120908e-02 -1.01852439e-01 -1.13907568e-01 -1.25794470e-01 -1.37421459e-01
 -1.48688883e-01 -1.59490153e-01 -1.69713050e-01 -1.79241300e-01 -1.87956527e-01
 -1.95740357e-01 -2.02476785e-01 -2.08054572e-01 -2.12369829e-01 -2.15328425e-01
 -2.16848388e-01 -2.16861919e-01 -2.15317175e-01 -2.12179661e-01 -2.07433090e-01
 -2.01079726e-01 -1.93140268e-01 -1.83653131e-01 -1.72673330e-01 -1.60270825e-01
 -1.46528617e-01 -1.31540596e-01 -1.15409173e-01 -9.82429534e-02 -8.01545158e-02
 -6.12584502e-02 -4.16699164e-02 -2.15041973e-02 -8.78351508e-04  2.00821348e-02
  4.12236713e-02  6.17927015e-02  8.17820504e-02  1.01158068e-01  1.19868435e-01
  1.37845889e-01  1.55011058e-01  1.71275944e-01  1.86548531e-01  2.00739011e-01
  1.04555987e-01  1.00809485e-01  9.45105627e-02  8.73136669e-02  7.97472969e-02
  7.18010217e-02  6.34689555e-02  5.47464043e-02  4.56293263e-02  3.61144617e-02
  2.62008607e-02  1.58945508e-02  5.34946658e-03 -5.43776061e-03 -1.64614376e-02
 -2.77080592e-02 -3.91565263e-02 -5.07779270e-02 -6.25351891e-02 -7.43827000e-02
 -8.62660483e-02 -9.81218219e-02 -1.09877639e-01 -1.21452361e-01 -1.32756546e-01
 -1.43693134e-01 -1.54158488e-01 -1.64043665e-01 -1.73235968e-01 -1.81620792e-01
 -1.89083710e-01 -1.95512667e-01 -2.00800374e-01 -2.04846710e-01 -2.07561016e-01
 -2.08864361e-01 -2.08691508e-01 -2.06992552e-01 -2.03734159e-01 -1.98900416e-01
 -1.92493111e-01 -1.84531540e-01 -1.75051808e-01 -1.64105684e-01 -1.51758969e-01
 -1.38089627e-01 -1.23185620e-01 -1.07142575e-01 -9.00613964e-02 -7.20458999e-02
 -5.32004870e-02 -3.36276963e-02 -1.34251546e-02  7.31984572e-03  2.85433270e-02
  4.94750589e-02  7.00336993e-02  9.01607648e-02  1.09796844e-01  1.28870904e-01
  1.47295162e-01  1.64963156e-01  1.81750849e-01  1.97521493e-01  2.12134734e-01
  1.05727226e-01  1.02068976e-01  9.59678367e-02  8.88521969e-02  8.13572556e-02
  7.34822676e-02  6.52270988e-02  5.65920025e-02  4.75765951e-02  3.81793231e-02
  2.83971615e-02  1.82249323e-02  7.83122517e-03 -2.78249336e-03 -1.36085805e-02
 -2.46327501e-02 -3.58336866e-02 -4.71826531e-02 -5.86430877e-02 -7.01702461e-02
 -8.17109346e-02 -9.32033882e-02 -1.04577281e-01 -1.15753986e-01 -1.26647010e-01
 -1.37162715e-01 -1.47201329e-01 -1.56658128e-01 -1.65424988e-01 -1.73392162e-01
 -1.80450186e-01 -1.86492041e-01 -1.91415384e-01 -1.95124805e-01 -1.97533980e-01
 -1.98567793e-01 -1.98164120e-01 -1.96275383e-01 -1.92869648e-01 -1.87931374e-01
 -1.81461632e-01 -1.73477903e-01 -1.64013237e-01 -1.53115243e-01 -1.40844390e-01
 -1.27272204e-01 -1.12479098e-01 -9.65520963e-02 -7.95824602e-02 -6.16634563e-02
 -4.28882837e-02 -2.33488120e-02 -3.13617103e-03  1.76535342e-02  3.88995372e-02
  5.98835051e-02  8.06102008e-02  1.01054966e-01  1.21170834e-01  1.40886709e-01
  1.60101950e-01  1.78680107e-01  1.96444690e-01  2.13181242e-01  2.28650674e-01
  1.07554659e-01  1.04024157e-01  9.80257615e-02  9.09872055e-02  8.35517496e-02
  7.57304579e-02  6.75347447e-02  5.89734465e-02  5.00513874e-02  4.07693237e-02
  3.11242305e-02  2.11096276e-02  1.08966427e-02  4.89447440e-04 -1.01020327e-02
 -2.08621603e-02 -3.17690857e-02 -4.27941754e-02 -5.39015047e-02 -6.50474504e-02
 -7.61804134e-02 -8.72407034e-02 -9.81606022e-02 -1.08864568e-01 -1.19269758e-01
 -1.29286677e-01 -1.38820201e-01 -1.47770658e-01 -1.56035423e-01 -1.63510427e-01
 -1.70092121e-01 -1.75679415e-01 -1.80175766e-01 -1.83491260e-01 -1.85544640e-01
 -1.86265215e-01 -1.85594514e-01 -1.83487624e-01 -1.79914236e-01 -1.74859285e-01
 -1.68323010e-01 -1.60320714e-01 -1.50882050e-01 -1.40049741e-01 -1.27878144e-01
 -1.14431344e-01 -9.97810513e-02 -8.40042979e-02 -6.71810433e-02 -4.93914858e-02
 -3.07130869e-02 -1.12164039e-02  9.04178713e-03  3.00325919e-02  5.10469936e-02
  7.20415190e-02  9.29976180e-02  1.13898002e-01  1.34713814e-01  1.55393139e-01
  1.75846428e-01  1.95926592e-01  2.15403423e-01  2.33940557e-01  2.51099020e-01
  1.10145874e-01  1.06791757e-01  1.00792348e-01  9.37938988e-02  8.63545686e-02
  7.85252228e-02  7.03426003e-02  6.18259646e-02  5.29836565e-02  4.38169278e-02
  3.43212225e-02  2.44852416e-02  1.44686773e-02  4.28800751e-03 -6.04264112e-03
 -1.65064018e-02 -2.70814244e-02 -3.77397351e-02 -4.84465398e-02 -5.91598153e-02
 -6.98300377e-02 -8.04000944e-02 -9.08053592e-02 -1.00973994e-01 -1.10827364e-01
 -1.20280787e-01 -1.29244417e-01 -1.37624413e-01 -1.45324275e-01 -1.52246431e-01
 -1.58293933e-01 -1.63372338e-01 -1.67391583e-01 -1.70267880e-01 -1.71925619e-01
 -1.72299042e-01 -1.71333730e-01 -1.68987796e-01 -1.65232837e-01 -1.60054296e-01
 -1.53451651e-01 -1.45438015e-01 -1.36039332e-01 -1.25293240e-01 -1.13247529e-01
 -9.99583378e-02 -8.54881108e-02 -6.99034855e-02 -5.32731749e-02 -3.56660113e-02
 -1.71494149e-02  2.21138657e-03  2.23521870e-02  4.32029851e-02  6.41266257e-02
  8.51816460e-02  1.06409505e-01  1.27844408e-01  1.49513856e-01  1.71433017e-01
  1.93591431e-01  2.15925828e-01  2.38262311e-01  2.60189235e-01  2.80846477e-01
  1.13854893e-01  1.10892959e-01  1.04786344e-01  9.74243060e-02  8.97404850e-02
  8.17725509e-02  7.35338181e-02  6.50281012e-02  5.62551804e-02  4.72129062e-02
  3.78986746e-02  2.83117313e-02  1.84586365e-02  8.50414578e-03 -1.55033288e-03
 -1.16933919e-02 -2.19060536e-02 -3.21624056e-02 -4.24296334e-02 -5.26679084e-02
 -6.28302991e-02 -7.28627443e-02 -8.27042460e-02 -9.22871158e-02 -1.01537481e-01
 -1.10375986e-01 -1.18718639e-01 -1.26477927e-01 -1.33564115e-01 -1.39886603e-01
 -1.45355642e-01 -1.49883911e-01 -1.53388321e-01 -1.55791715e-01 -1.57024533e-01
 -1.57026306e-01 -1.55747026e-01 -1.53148130e-01 -1.49203315e-01 -1.43898815e-01
 -1.37233511e-01 -1.29218400e-01 -1.19875893e-01 -1.09238543e-01 -9.73475650e-02
 -8.42509642e-02 -7.00014606e-02 -5.46543673e-02 -3.82654555e-02 -2.08891444e-02
 -2.57715653e-03  1.66227389e-02  3.66703719e-02  5.69923781e-02  7.76107609e-02
  9.85732302e-02  1.19944900e-01  1.41807407e-01  1.64260641e-01  1.87425554e-01
  2.11448103e-01  2.36505508e-01  2.62822241e-01  2.90740639e-01  3.20250601e-01
  1.18382707e-01  1.15983121e-01  1.09328955e-01  1.01348281e-01  9.33273807e-02
  8.51851255e-02  7.68778175e-02  6.83818385e-02  5.96828349e-02  5.07706739e-02
  4.16368432e-02  3.22723091e-02  2.26639491e-02  1.29761649e-02  3.22635332e-03
 -6.56954432e-03 -1.63921043e-02 -2.62165386e-02 -3.60119268e-02 -4.57408577e-02
 -5.53593226e-02 -6.48167208e-02 -7.40560368e-02 -8.30141753e-02 -9.16224197e-02
 -9.98071581e-02 -1.07490674e-01 -1.14592187e-01 -1.21029064e-01 -1.26718119e-01
 -1.31577089e-01 -1.35526136e-01 -1.38489470e-01 -1.40396804e-01 -1.41184896e-01
 -1.40798867e-01 -1.39193311e-01 -1.36333242e-01 -1.32194698e-01 -1.26764983e-01
 -1.20042652e-01 -1.12037018e-01 -1.02767356e-01 -9.22616944e-02 -8.05552378e-02
 -6.76884279e-02 -5.37046269e-02 -3.86475064e-02 -2.25583557e-02 -5.47392992e-03
  1.25732888e-02  3.15479673e-02  5.08812852e-02  7.06004128e-02  9.07502025e-02
  1.11397691e-01  1.32635564e-01  1.54587403e-01  1.77416131e-01  2.01336771e-01
  2.26635724e-01  2.53700614e-01  2.83067107e-01  3.15487713e-01  3.50409776e-01
  1.21599644e-01  1.19463772e-01  1.12727419e-01  1.04687870e-01  9.65955481e-02
  8.84121954e-02  8.01110044e-02  7.16720819e-02  6.30812347e-02  5.43282591e-02
  4.54056635e-02  3.63082848e-02  2.70344410e-02  1.75907258e-02  8.15108046e-03
 -1.28104945e-03 -1.06918626e-02 -2.00599711e-02 -2.93573085e-02 -3.85494344e-02
 -4.75956574e-02 -5.64491674e-02 -6.50572926e-02 -7.33618215e-02 -8.12995359e-02
 -8.88028294e-02 -9.58005264e-02 -1.02218837e-01 -1.07982457e-01 -1.13015771e-01
 -1.17244206e-01 -1.20595552e-01 -1.23001397e-01 -1.24398477e-01 -1.24729961e-01
 -1.23946629e-01 -1.22007854e-01 -1.18882366e-01 -1.14548735e-01 -1.08995631e-01
 -1.02221675e-01 -9.42350179e-02 -8.50525722e-02 -7.46988952e-02 -6.32046983e-02
 -5.06049022e-02 -3.69360559e-02 -2.22326647e-02 -6.52172836e-03  1.01860119e-02
  2.79100034e-02  4.60357741e-02  6.45676777e-02  8.35367218e-02  1.02995664e-01
  1.23020351e-01  1.43714309e-01  1.65216222e-01  1.87711105e-01  2.11446509e-01
  2.36755461e-01  2.64087439e-01  2.94043899e-01  3.27400833e-01  3.63342583e-01
  1.23720556e-01  1.21751398e-01  1.15348004e-01  1.07413411e-01  9.93885472e-02
  9.12713259e-02  8.30528438e-02  7.47252554e-02  6.62821010e-02  5.77179305e-02
  4.90277670e-02  4.02063318e-02  3.12467515e-02  2.21373122e-02  1.30525390e-02
  4.01335349e-03 -4.96153114e-03 -1.38505213e-02 -2.26272978e-02 -3.12601551e-02
 -3.97118144e-02 -4.79394794e-02 -5.58950342e-02 -6.35253862e-02 -7.07729906e-02
 -7.75764287e-02 -8.38711858e-02 -8.95905569e-02 -9.46666375e-02 -9.90314111e-02
 -1.02617964e-01 -1.05361693e-01 -1.07201532e-01 -1.08081147e-01 -1.07950076e-01
 -1.06764734e-01 -1.04489230e-01 -1.01096049e-01 -9.65664461e-02 -9.08906087e-02
 -8.40675607e-02 -7.61047527e-02 -6.70174733e-02 -5.68279736e-02 -4.55644690e-02
 -3.32599878e-02 -1.99510939e-02 -5.67606930e-03  9.52844974e-03  2.56358050e-02
  4.26117033e-02  5.98839298e-02  7.75169358e-02  9.55641791e-02  1.14083081e-01
  1.33143961e-01  1.52837068e-01  1.73280001e-01  1.94626883e-01  2.17081308e-01
  2.40915552e-01  2.66502440e-01  2.94375569e-01  3.25362533e-01  3.57924163e-01
  1.25527069e-01  1.23755351e-01  1.17426552e-01  1.09615959e-01  1.01706922e-01
  9.37016681e-02  8.56047124e-02  7.74205029e-02  6.91523552e-02  6.08020015e-02
  5.23696952e-02  4.38546501e-02  3.52560245e-02  2.65751369e-02  1.78211946e-02
  9.17924102e-03  6.54674775e-04 -7.73731666e-03 -1.59746949e-02 -2.40295846e-02
 -3.18686776e-02 -3.94534990e-02 -4.67407256e-02 -5.36825433e-02 -6.02271631e-02
 -6.63194209e-02 -7.19014779e-02 -7.69136474e-02 -8.12953487e-02 -8.49860311e-02
 -8.79262909e-02 -9.00589153e-02 -9.13299695e-02 -9.16898549e-02 -9.10942554e-02
 -8.95050168e-02 -8.68908614e-02 -8.32279176e-02 -7.85000846e-02 -7.26991072e-02
 -6.58244938e-02 -5.78830913e-02 -4.88886014e-02 -3.88608351e-02 -2.78251711e-02
 -1.58124398e-02 -2.86017102e-03  1.09833861e-02  2.56485529e-02  4.11611237e-02
  5.70160709e-02  7.32139796e-02  8.97693411e-02  1.06705099e-01  1.24052472e-01
  1.41852394e-01  1.60157502e-01  1.79034278e-01  1.98564991e-01  2.18849167e-01
  2.40004107e-01  2.62162417e-01  2.85460263e-01  3.09964836e-01  3.34407806e-01
  1.26860067e-01  1.25272796e-01  1.19044393e-01  1.11369707e-01  1.03576414e-01
  9.56774652e-02  8.76970738e-02  7.96559826e-02  7.15684071e-02  6.34425506e-02
  5.52819259e-02  4.70866747e-02  3.88542563e-02  3.05791702e-02  2.22502872e-02
  1.40519598e-02  6.00725040e-03 -1.86455238e-03 -9.54234228e-03 -1.70011334e-02
 -2.42114104e-02 -3.11390627e-02 -3.77456062e-02 -4.39885259e-02 -4.98217866e-02
 -5.51963933e-02 -6.00610599e-02 -6.43629804e-02 -6.80486336e-02 -7.10647106e-02
 -7.33589828e-02 -7.48813152e-02 -7.55845606e-02 -7.54254609e-02 -7.43655115e-02
 -7.23716542e-02 -6.94169402e-02 -6.54809251e-02 -6.05499893e-02 -5.46174012e-02
 -4.76831347e-02 -3.97534408e-02 -3.08400728e-02 -2.09591724e-02 -1.01297516e-02
  1.62828830e-03  1.42952576e-02  2.78553646e-02  4.17990983e-02  5.61677180e-02
  7.09073097e-02  8.59876052e-02  1.01392888e-01  1.17116712e-01  1.33159131e-01
  1.49524942e-01  1.66222066e-01  1.83259040e-01  2.00640619e-01  2.18359813e-01
  2.36383110e-01  2.54623204e-01  2.72886366e-01  2.90760696e-01  3.07383776e-01
  1.27606273e-01  1.26140311e-01  1.20306484e-01  1.12799868e-01  1.05043977e-01
  9.71646458e-02  8.92391652e-02  8.13073367e-02  7.33886883e-02  6.54915348e-02
  5.76177947e-02  4.97658029e-02  4.19322625e-02  3.41141447e-02  2.63115931e-02
  1.85342189e-02  1.09771052e-02  3.64303822e-03 -3.45572433e-03 -1.03000803e-02
 -1.68653987e-02 -2.31222864e-02 -2.90371608e-02 -3.45727578e-02 -3.96886542e-02
 -4.43418473e-02 -4.84873801e-02 -5.20790294e-02 -5.50700426e-02 -5.74139319e-02
 -5.90652712e-02 -5.99805303e-02 -6.01188652e-02 -5.94429001e-02 -5.79194389e-02
 -5.55200763e-02 -5.22217341e-02 -4.80070449e-02 -4.28646393e-02 -3.67892496e-02
 -2.97816303e-02 -2.18481999e-02 -1.30002815e-02 -3.25259427e-03  7.37870531e-03
  1.88847035e-02  3.12548019e-02  4.39892113e-02  5.70759028e-02  7.05017522e-02
  8.42412338e-02  9.82664675e-02  1.12550423e-01  1.27067387e-01  1.41792253e-01
  1.56699046e-01  1.71758726e-01  1.86935484e-01  2.02181280e-01  2.17427135e-01
  2.32570365e-01  2.47456372e-01  2.61855721e-01  2.75444061e-01  2.87809402e-01
  1.29873604e-01  1.29241765e-01  1.22588664e-01  1.14252076e-01  1.06077828e-01
  9.80011895e-02  9.00309682e-02  8.21705461e-02  7.44173825e-02  6.67650178e-02
  5.92046715e-02  5.17263375e-02  4.43195701e-02  3.69739458e-02  2.96791792e-02
  2.24245545e-02  1.54168075e-02  8.66230391e-03  2.17343401e-03 -4.03250754e-03
 -9.93386563e-03 -1.55050177e-02 -2.07167566e-02 -2.55366974e-02 -2.99297404e-02
 -3.38585749e-02 -3.72842439e-02 -4.01667468e-02 -4.24656942e-02 -4.41409759e-02
 -4.51534502e-02 -4.54656631e-02 -4.50425111e-02 -4.38519157e-02 -4.18653898e-02
 -3.90585735e-02 -3.54116671e-02 -3.09097450e-02 -2.55430620e-02 -1.93073787e-02
 -1.22042736e-02 -4.24115919e-03  4.56799520e-03  1.42057892e-02  2.46314984e-02
  3.58823799e-02  4.74957637e-02  5.94559573e-02  7.17402101e-02  8.43207389e-02
  9.71645117e-02  1.10234536e-01  1.23490803e-01  1.36890620e-01  1.50388405e-01
  1.63934886e-01  1.77475676e-01  1.90948933e-01  2.04282016e-01  2.17386723e-01
  2.30153620e-01  2.42446050e-01  2.54096389e-01  2.64908254e-01  2.74669349e-01
  1.30794644e-01  1.30706683e-01  1.23697989e-01  1.14593752e-01  1.05954900e-01
  9.76733416e-02  8.96808580e-02  8.19332674e-02  7.43980110e-02  6.70483857e-02
  5.98611608e-02  5.28155155e-02  4.58923914e-02  3.90737355e-02  3.23410816e-02
  2.56725904e-02  1.92580279e-02  1.31177111e-02  7.26755429e-03  1.72423851e-03
 -3.49304872e-03 -8.36215075e-03 -1.28579848e-02 -1.69527978e-02 -2.06165388e-02
 -2.38172840e-02 -2.65217330e-02 -2.86957230e-02 -3.03047746e-02 -3.13146636e-02
 -3.16919982e-02 -3.14047895e-02 -3.04230507e-02 -2.87193470e-02 -2.62692682e-02
 -2.30518207e-02 -1.90497655e-02 -1.42497309e-02 -8.64199363e-03 -2.22152611e-03
  5.01064351e-03  1.30502507e-02  2.18717325e-02  3.15275006e-02  4.15978692e-02
  5.21220043e-02  6.30433559e-02  7.43178725e-02  8.59047920e-02  9.77622271e-02
  1.09844916e-01  1.22103207e-01  1.34482741e-01  1.46924406e-01  1.59364536e-01
  1.71735153e-01  1.83964163e-01  1.95975259e-01  2.07687452e-01  2.19014183e-01
  2.29862124e-01  2.40130514e-01  2.49711737e-01  2.58494586e-01  2.66370922e-01
  1.28517523e-01  1.28534958e-01  1.21621005e-01  1.12463839e-01  1.03790812e-01
  9.55673903e-02  8.77385214e-02  8.02521482e-02  7.30619058e-02  6.61275759e-02
  5.94146922e-02  5.28939329e-02  4.65405434e-02  4.03339602e-02  3.42580602e-02
  2.83030085e-02  2.24711765e-02  1.69614796e-02  1.17738778e-02  6.91731414e-03
  2.40592263e-03 -1.74248917e-03 -5.50717488e-03 -8.86494387e-03 -1.17905876e-02
 -1.42573016e-02 -1.62371080e-02 -1.77012943e-02 -1.86208710e-02 -1.89670250e-02
 -1.87115520e-02 -1.78272724e-02 -1.62885841e-02 -1.40720550e-02 -1.11568123e-02
 -7.52454158e-03 -3.16036516e-03  1.94691436e-03  7.81118870e-03  1.44439209e-02
  2.18358506e-02  3.00510563e-02  3.87044288e-02  4.78458665e-02  5.74356914e-02
  6.74461350e-02  7.78416023e-02  8.85827988e-02  9.96266901e-02  1.10925421e-01
  1.22424997e-01  1.34064257e-01  1.45774364e-01  1.57479003e-01  1.69095233e-01
  1.80535376e-01  1.91709533e-01  2.02528432e-01  2.12906167e-01  2.22762495e-01
  2.32024118e-01  2.40625322e-01  2.48508260e-01  2.55623221e-01  2.61929721e-01
  1.23765819e-01  1.23869970e-01  1.16671421e-01  1.07630268e-01  9.91956070e-02
  9.12979171e-02  8.38743597e-02  7.68608376e-02  7.01984987e-02  6.38364926e-02
  5.77323213e-02  5.18510491e-02  4.61641550e-02  4.06482369e-02  3.52836028e-02
  3.00522223e-02  2.49334630e-02  2.01245062e-02  1.56455282e-02  1.15106404e-02
  7.73352198e-03  4.32934705e-03  1.31527032e-03 -1.28963951e-03 -3.46467900e-03
 -5.18784998e-03 -6.43618405e-03 -7.18606031e-03 -7.41360756e-03 -7.09510874e-03
 -6.20716950e-03 -4.72650630e-03 -2.63068848e-03  1.00374527e-04  3.48355598e-03
  7.53732678e-03  1.22750774e-02  1.76836979e-02  2.38001272e-02  3.07075270e-02
  3.80580127e-02  4.59089242e-02  5.42333685e-02  6.30167499e-02  7.22379163e-02
  8.18723068e-02  9.18906331e-02  1.02258183e-01  1.12933762e-01  1.23868145e-01
  1.35002211e-01  1.46265179e-01  1.57573283e-01  1.68829486e-01  1.79924905e-01
  1.90742731e-01  2.01164350e-01  2.11077258e-01  2.20382854e-01  2.29002789e-01
  2.36882448e-01  2.43991569e-01  2.50321805e-01  2.55882114e-01  2.60693163e-01
  1.15347698e-01  1.15240388e-01  1.08462021e-01  9.97913629e-02  9.18764398e-02
  8.46136883e-02  7.78916329e-02  7.16141090e-02  6.57040253e-02  6.01016246e-02
  5.47611415e-02  4.96475995e-02  4.47341613e-02  4.00001965e-02  3.54300290e-02
  3.10126897e-02  2.67433897e-02  2.26292443e-02  1.88817717e-02  1.54990302e-02
  1.24864615e-02  9.85396747e-03  7.61444913e-03  5.78291435e-03  4.37580422e-03
  3.41049139e-03  2.90507032e-03  2.87852972e-03  3.35012516e-03  4.33819182e-03
  5.85978245e-03  7.93625787e-03  1.05915414e-02  1.38450405e-02  1.76924039e-02
  2.21759155e-02  2.73828711e-02  3.30061130e-02  3.91221903e-02  4.57582138e-02
  5.28818481e-02  6.04816191e-02  6.85450733e-02  7.70600289e-02  8.60125124e-02
  9.53857452e-02  1.05158880e-01  1.15305498e-01  1.25791624e-01  1.36573046e-01
  1.47592008e-01  1.58773184e-01  1.70019373e-01  1.81208119e-01  1.92190975e-01
  2.02798635e-01  2.12853998e-01  2.22191498e-01  2.30677024e-01  2.38222107e-01
  2.44790345e-01  2.50397027e-01  2.55102128e-01  2.58996338e-01  2.62181878e-01
  1.03184953e-01  1.02708951e-01  9.62413698e-02  8.83704424e-02  8.15085545e-02
  7.53711239e-02  6.97562173e-02  6.45355731e-02  5.96275330e-02  5.49788848e-02
  5.05539365e-02  4.63280678e-02  4.22837026e-02  3.84077840e-02  3.46900262e-02
  3.11216190e-02  2.76940633e-02  2.43975483e-02  2.14593075e-02  1.88841540e-02
  1.66792236e-02  1.48536880e-02  1.34186558e-02  1.23867113e-02  1.17710559e-02
  1.15843955e-02  1.18386243e-02  1.25496192e-02  1.37355365e-02  1.54099744e-02
  1.75634511e-02  2.02213693e-02  2.34339070e-02  2.72870455e-02  3.15066949e-02
  3.61672379e-02  4.13003862e-02  4.68860753e-02  5.29267974e-02  5.94262667e-02
  6.63821548e-02  7.37920925e-02  8.16536546e-02  8.99642482e-02  9.87205580e-02
  1.07917815e-01  1.17548674e-01  1.27601668e-01  1.38058975e-01  1.48892909e-01
  1.60061106e-01  1.71499208e-01  1.83110684e-01  1.94753319e-01  2.06224322e-01
  2.17253760e-01  2.27527291e-01  2.36746907e-01  2.44692937e-01  2.51248956e-01
  2.56400794e-01  2.60233939e-01  2.62929618e-01  2.64738649e-01  2.65918851e-01
  8.51809755e-02  8.36010277e-02  7.81771243e-02  7.27345496e-02  6.80921599e-02
  6.38180301e-02  5.97803481e-02  5.59255853e-02  5.22302426e-02  4.86842506e-02
  4.52839993e-02  4.20289189e-02  3.89196500e-02  3.59568484e-02  3.31401974e-02
  3.04672327e-02  2.79314034e-02  2.55183019e-02  2.34398916e-02  2.17177197e-02
  2.03610118e-02  1.93780027e-02  1.87790133e-02  1.85766611e-02  1.87841970e-02
  1.94101557e-02  2.04427708e-02  2.19005700e-02  2.38242839e-02  2.62872744e-02
  2.90483851e-02  3.21744122e-02  3.57041024e-02  3.96537818e-02  4.40005437e-02
  4.87462766e-02  5.38969450e-02  5.94553575e-02  6.54262304e-02  7.18154907e-02
  7.86293596e-02  8.58747363e-02  9.35594663e-02  1.01692431e-01  1.10283524e-01
  1.19343527e-01  1.28883690e-01  1.38915017e-01  1.49446830e-01  1.60484359e-01
  1.72024339e-01  1.84047550e-01  1.96505725e-01  2.09297329e-01  2.22218111e-01
  2.34852806e-01  2.46460840e-01  2.56308645e-01  2.64056861e-01  2.69609690e-01
  2.72987723e-01  2.74329305e-01  2.73986757e-01  2.72659659e-01  2.71085620e-01
  6.06841259e-02  5.61616383e-02  5.53954057e-02  5.47578111e-02  5.31635024e-02
  5.11086471e-02  4.88202833e-02  4.64212522e-02  4.39883322e-02  4.15744223e-02
  3.92182507e-02  3.69491950e-02  3.47899497e-02  3.27581465e-02  3.08674183e-02
  2.91282646e-02  2.75490414e-02  2.61379108e-02  2.49077864e-02  2.40733065e-02
  2.36046128e-02  2.34975442e-02  2.37605162e-02  2.44116373e-02  2.54826006e-02
  2.70317756e-02  2.88445447e-02  3.09720691e-02  3.34419608e-02  3.62633094e-02
  3.94121669e-02  4.28882129e-02  4.66972329e-02  5.08438237e-02  5.53290062e-02
  6.01563640e-02  6.53318837e-02  7.08632171e-02  7.67599121e-02  8.30334499e-02
  8.96971822e-02  9.67664868e-02  1.04259066e-01  1.12195335e-01  1.20598912e-01
  1.29497290e-01  1.38922662e-01  1.48912773e-01  1.59511924e-01  1.70771748e-01
  1.82751402e-01  1.95516676e-01  2.09137574e-01  2.23685384e-01  2.39238381e-01
  2.55952090e-01  2.71116346e-01  2.82203645e-01  2.89820731e-01  2.94283718e-01
  2.95311272e-01  2.93160915e-01  2.87422001e-01  2.80561060e-01  2.75656343e-01
  4.34695259e-02  3.79969291e-02  3.81501615e-02  3.92296612e-02  3.93858552e-02
  3.88938896e-02  3.79723124e-02  3.67822871e-02  3.54416892e-02  3.40378806e-02
  3.26367058e-02  3.12885232e-02  3.00323758e-02  2.88989265e-02  2.79126000e-02
  2.70931926e-02  2.64570471e-02  2.60176081e-02  2.57844217e-02  2.60103140e-02
  2.65102144e-02  2.73151007e-02  2.84420978e-02  2.99014319e-02  3.16977762e-02
  3.38258110e-02  3.62539031e-02  3.89716178e-02  4.19742279e-02  4.52564210e-02
  4.88104858e-02  5.26319332e-02  5.67195676e-02  6.10745810e-02  6.57002330e-02
  7.06024542e-02  7.57900998e-02  8.12748671e-02  8.70712698e-02  9.31965932e-02
  9.96709019e-02  1.06517196e-01  1.13761783e-01  1.21434912e-01  1.29571766e-01
  1.38213858e-01  1.47411123e-01  1.57224730e-01  1.67730957e-01  1.79026544e-01
  1.91235542e-01  2.04517871e-01  2.19078392e-01  2.35174417e-01  2.53121585e-01
  2.72067666e-01  2.86999285e-01  2.97786564e-01  3.04637581e-01  3.07388216e-01
  3.06165278e-01  3.00416052e-01  2.90900946e-01  2.82824785e-01  2.76524007e-01
  3.11937388e-02  2.51960512e-02  2.54845135e-02  2.69712303e-02  2.77738031e-02
  2.80387960e-02  2.79089585e-02  2.75138095e-02  2.69629210e-02  2.63454206e-02
  2.57323384e-02  2.51798537e-02  2.47325078e-02  2.44260114e-02  2.42896024e-02
  2.43480392e-02  2.46235486e-02  2.51381770e-02  2.59176530e-02  2.69992184e-02
  2.83778794e-02  3.00548952e-02  3.20307016e-02  3.43025029e-02  3.68631631e-02
  3.97004448e-02  4.27972302e-02  4.61372994e-02  4.97060008e-02  5.34900613e-02
  5.74779734e-02  6.16611466e-02  6.60346895e-02  7.05977306e-02  7.53536746e-02
  8.03102776e-02  8.54795799e-02  9.08777118e-02  9.65245143e-02  1.02443226e-01
  1.08660258e-01  1.15205154e-01  1.22110814e-01  1.29414156e-01  1.37157202e-01
  1.45388812e-01  1.54167324e-01  1.63564414e-01  1.73670754e-01  1.84604615e-01
  1.96524903e-01  2.09651589e-01  2.24295929e-01  2.40893424e-01  2.59871811e-01
  2.76805341e-01  2.89936066e-01  2.99240857e-01  3.04593444e-01  3.05979401e-01
  3.02786469e-01  2.94728220e-01  2.85877794e-01  2.78631747e-01  2.72682339e-01
  2.25596000e-02  1.61509998e-02  1.58954207e-02  1.72553230e-02  1.81072894e-02
  1.85563080e-02  1.87226795e-02  1.87179204e-02  1.86374653e-02  1.85590331e-02
  1.85443256e-02  1.86420828e-02  1.88912321e-02  1.93235353e-02  1.99655555e-02
  2.08400041e-02  2.19666008e-02  2.33625732e-02  2.50426531e-02  2.70178318e-02
  2.92902105e-02  3.18566076e-02  3.47092785e-02  3.78360637e-02  4.12205383e-02
  4.48424593e-02  4.86787185e-02  5.27050905e-02  5.68976365e-02  6.12340122e-02
  6.56947717e-02  7.02647492e-02  7.49342367e-02  7.96998590e-02  8.45649689e-02
  8.95396844e-02  9.46404412e-02  9.98892337e-02  1.05312698e-01  1.10941090e-01
  1.16807543e-01  1.22947469e-01  1.29398435e-01  1.36200413e-01  1.43396571e-01
  1.51034594e-01  1.59168750e-01  1.67862862e-01  1.77194610e-01  1.87262058e-01
  1.98193997e-01  2.10167691e-01  2.23443016e-01  2.38443986e-01  2.54442573e-01
  2.68027931e-01  2.78607756e-01  2.86046028e-01  2.90276080e-01  2.90802807e-01
  2.87454396e-01  2.80983716e-01  2.74970025e-01  2.69661963e-01  2.65022665e-01
  1.62298270e-02  9.28028300e-03  8.65744893e-03  9.51099209e-03  9.92776547e-03
  1.00808898e-02  1.01186009e-02  1.01548946e-02  1.02706850e-02  1.05213122e-02
  1.09450370e-02  1.15700336e-02  1.24191949e-02  1.35128871e-02  1.48700718e-02
  1.65083054e-02  1.84430461e-02  2.06866413e-02  2.32471507e-02  2.61271447e-02
  2.93225870e-02  3.28229591e-02  3.66116129e-02  4.06662412e-02  4.49594297e-02
  4.94593792e-02  5.41308820e-02  5.89366555e-02  6.38390258e-02  6.88019171e-02
  7.37931877e-02  7.87870288e-02  8.37661475e-02  8.87234062e-02  9.36625600e-02
  9.85980853e-02  1.03553981e-01  1.08561955e-01  1.13659196e-01  1.18886173e-01
  1.24284804e-01  1.29897073e-01  1.35764331e-01  1.41927004e-01  1.48424909e-01
  1.55297786e-01  1.62586078e-01  1.70331746e-01  1.78578883e-01  1.87373653e-01
  1.96762472e-01  2.06785679e-01  2.17459977e-01  2.28732526e-01  2.40135118e-01
  2.50148475e-01  2.58188337e-01  2.64058322e-01  2.67592221e-01  2.68641412e-01
  2.67184585e-01  2.64370471e-01  2.61257052e-01  2.58107334e-01  2.55066961e-01
  1.28831426e-02  5.32873673e-03  3.71072511e-03  3.36065050e-03  2.66126287e-03
  1.96258398e-03  1.46966951e-03  1.27804792e-03  1.41707214e-03  1.88464462e-03
  2.66899890e-03  3.76043469e-03  5.15644206e-03  6.86259009e-03  8.89081508e-03
  1.12563418e-02  1.39741795e-02  1.70558635e-02  2.05068439e-02  2.43247226e-02
  2.84984373e-02  3.30083407e-02  3.78268324e-02  4.29192036e-02  4.82444055e-02
  5.37556261e-02  5.94009161e-02  6.51241615e-02  7.08668381e-02  7.65709504e-02
  8.21830332e-02  8.76588821e-02  9.29680765e-02  9.80974436e-02  1.03052616e-01
  1.07857347e-01  1.12550691e-01  1.17182702e-01  1.21809468e-01  1.26488522e-01
  1.31275341e-01  1.36220977e-01  1.41370997e-01  1.46765202e-01  1.52437776e-01
  1.58417508e-01  1.64727837e-01  1.71386167e-01  1.78402096e-01  1.85773566e-01
  1.93479598e-01  2.01467127e-01  2.09627837e-01  2.17762828e-01  2.25553796e-01
  2.32609704e-01  2.38589168e-01  2.43264228e-01  2.46518165e-01  2.48351038e-01
  2.48909876e-01  2.48486444e-01  2.47412339e-01  2.45952815e-01  2.44290292e-01
  1.40247634e-02  6.22336986e-03  1.62673346e-03 -1.85695686e-03 -4.90206713e-03
 -7.10132625e-03 -8.36635381e-03 -8.81000794e-03 -8.58205743e-03 -7.81391561e-03
 -6.60374714e-03 -5.01339557e-03 -3.07090697e-03 -7.77053938e-04  1.88570330e-03
  4.94366838e-03  8.42330419e-03  1.23444349e-02  1.67155880e-02  2.15315372e-02
  2.67729536e-02  3.24078277e-02  3.83938812e-02  4.46808934e-02  5.12120351e-02
  5.79237156e-02  6.47443533e-02  7.15931803e-02  7.83806518e-02  8.50121751e-02
  9.13956240e-02  9.74517018e-02  1.03124604e-01  1.08390167e-01  1.13259532e-01
  1.17777452e-01  1.22015394e-01  1.26060933e-01  1.30006269e-01  1.33938745e-01
  1.37934893e-01  1.42057925e-01  1.46357730e-01  1.50872022e-01  1.55627683e-01
  1.60641879e-01  1.65922388e-01  1.71467185e-01  1.77262664e-01  1.83280587e-01
  1.89473286e-01  1.95767298e-01  2.02056527e-01  2.08198413e-01  2.14019269e-01
  2.19333589e-01  2.23972559e-01  2.27809504e-01  2.30775893e-01  2.32868880e-01
  2.34150589e-01  2.34735012e-01  2.34762475e-01  2.34372452e-01  2.33686164e-01
  1.61540527e-02  7.71669671e-03 -5.41899470e-04 -8.79401620e-03 -1.64748877e-02
 -1.98298078e-02 -2.11939737e-02 -2.12425049e-02 -2.03945972e-02 -1.89362336e-02
 -1.70545764e-02 -1.48497233e-02 -1.23469867e-02 -9.51692741e-03 -6.29939744e-03
 -2.62528541e-03  1.56727247e-03  6.32209936e-03  1.16583956e-02  1.75678506e-02
  2.40159165e-02  3.09474897e-02  3.82954776e-02  4.59886640e-02  5.39552867e-02
  6.21207133e-02  7.04000741e-02  7.86883906e-02  8.68529379e-02  9.47343037e-02
  1.02161720e-01  1.08980224e-01  1.15078919e-01  1.20410584e-01  1.25000089e-01
  1.28941372e-01  1.32380962e-01  1.35489389e-01  1.38430566e-01  1.41341478e-01
  1.44325778e-01  1.47456393e-01  1.50781512e-01  1.54330477e-01  1.58118159e-01
  1.62147939e-01  1.66413099e-01  1.70897290e-01  1.75573841e-01  1.80404440e-01
  1.85337454e-01  1.90306172e-01  1.95228353e-01  2.00007826e-01  2.04539701e-01
  2.08719105e-01  2.12452114e-01  2.15666324e-01  2.18318582e-01  2.20398903e-01
  2.21929371e-01  2.22958490e-01  2.23552167e-01  2.23783463e-01  2.23724201e-01
  1.67256612e-02  7.10609322e-03 -3.49697075e-03 -1.55959297e-02 -2.90287640e-02
 -3.70623097e-02 -3.84578258e-02 -3.66311781e-02 -3.41241434e-02 -3.12847979e-02
 -2.83688474e-02 -2.54714340e-02 -2.25292500e-02 -1.93836465e-02 -1.58498716e-02
 -1.17603596e-02 -6.98339613e-03 -1.43055920e-03  4.93720267e-03  1.21030053e-02
  1.99933313e-02  2.84931399e-02  3.74768265e-02  4.68378365e-02  5.64995706e-02
  6.64061159e-02  7.64992833e-02  8.66853967e-02  9.67933163e-02  1.06541283e-01
  1.15564033e-01  1.23517483e-01  1.30169973e-01  1.35427430e-01  1.39338195e-01
  1.42105505e-01  1.44071341e-01  1.45619497e-01  1.47058934e-01  1.48587212e-01
  1.50314793e-01  1.52297407e-01  1.54558465e-01  1.57102317e-01  1.59921363e-01
  1.62999719e-01  1.66314870e-01  1.69838116e-01  1.73534349e-01  1.77361637e-01
  1.81270748e-01  1.85205087e-01  1.89101458e-01  1.92891970e-01  1.96507126e-01
  1.99880332e-01  2.02952728e-01  2.05677941e-01  2.08025590e-01  2.09983110e-01
  2.11555406e-01  2.12762579e-01  2.13636160e-01  2.14214757e-01  2.14539766e-01
  1.85504165e-02  8.59328173e-03 -2.69404030e-03 -1.59399007e-02 -3.16345021e-02
 -4.38566096e-02 -5.08825593e-02 -5.24873771e-02 -4.86404859e-02 -4.33946960e-02
 -3.91330943e-02 -3.58917788e-02 -3.31734084e-02 -3.04033067e-02 -2.71330606e-02
 -2.30576787e-02 -1.79669335e-02 -1.17124300e-02 -4.20679338e-03  4.54143248e-03
  1.43679911e-02  2.49538347e-02  3.59801725e-02  4.72738892e-02  5.88026829e-02
  7.06156641e-02  8.27954635e-02  9.54155028e-02  1.08458348e-01  1.21526651e-01
  1.33439690e-01  1.43271133e-01  1.50719270e-01  1.55674458e-01  1.58122137e-01
  1.58289582e-01  1.57172173e-01  1.56033903e-01  1.55327469e-01  1.55137032e-01
  1.55451149e-01  1.56231701e-01  1.57434717e-01  1.59016803e-01  1.60936385e-01
  1.63153425e-01  1.65628329e-01  1.68320954e-01  1.71189681e-01  1.74190670e-01
  1.77277625e-01  1.80401728e-01  1.83512330e-01  1.86558098e-01  1.89488873e-01
  1.92257822e-01  1.94823846e-01  1.97153777e-01  1.99224025e-01  2.01021507e-01
  2.02543437e-01  2.03796476e-01  2.04794973e-01  2.05558881e-01  2.06111595e-01
  2.25742105e-02  1.33779068e-02  3.19400942e-03 -8.14057887e-03 -2.06368379e-02
 -3.40266377e-02 -4.61396612e-02 -5.31576015e-02 -5.45044877e-02 -4.97221164e-02
 -4.54710610e-02 -4.41962890e-02 -4.40642908e-02 -4.31798585e-02 -4.11143862e-02
 -3.76856923e-02 -3.27278413e-02 -2.60431804e-02 -1.73852816e-02 -6.47268118e-03
  6.79125497e-03  2.08688565e-02  3.44728120e-02  4.77170981e-02  6.08808585e-02
  7.42678419e-02  8.82117152e-02  1.03117257e-01  1.19548947e-01  1.38309956e-01
  1.54486805e-01  1.66523740e-01  1.74945146e-01  1.79474354e-01  1.79976285e-01
  1.75883234e-01  1.69038981e-01  1.64565384e-01  1.61658481e-01  1.59879565e-01
  1.58960000e-01  1.58721730e-01  1.59039989e-01  1.59822479e-01  1.60996810e-01
  1.62502840e-01  1.64287895e-01  1.66303828e-01  1.68505013e-01  1.70847163e-01
  1.73286721e-01  1.75780565e-01  1.78286299e-01  1.80762768e-01  1.83171004e-01
  1.85475305e-01  1.87644377e-01  1.89652383e-01  1.91479787e-01  1.93113670e-01
  1.94547832e-01  1.95782185e-01  1.96822032e-01  1.97676927e-01  1.98359534e-01
  2.84287296e-02  2.06250958e-02  1.21881049e-02  3.09966202e-03 -6.54551201e-03
 -1.65337231e-02 -2.65563745e-02 -3.62488441e-02 -4.27023843e-02 -4.20396030e-02
 -4.13197130e-02 -4.42567468e-02 -4.83900942e-02 -4.98510003e-02 -4.92234565e-02
 -4.66928780e-02 -4.22004350e-02 -3.55556794e-02 -2.64063496e-02 -1.40676787e-02
  2.73573399e-03  2.00206637e-02  3.51833366e-02  4.92987372e-02  6.30311519e-02
  7.68700913e-02  9.12676901e-02  1.06736578e-01  1.23949997e-01  1.43652409e-01
  1.60724491e-01  1.73307225e-01  1.81879297e-01  1.86293766e-01  1.86278284e-01
  1.81176707e-01  1.73236787e-01  1.67779848e-01  1.64082125e-01  1.61629155e-01
  1.60099074e-01  1.59287065e-01  1.59055442e-01  1.59304529e-01  1.59956604e-01
  1.60947353e-01  1.62221268e-01  1.63728729e-01  1.65424332e-01  1.67265728e-01
  1.69212833e-01  1.71227545e-01  1.73273638e-01  1.75316989e-01  1.77325904e-01
  1.79271698e-01  1.81129172e-01  1.82877138e-01  1.84498802e-01  1.85981929e-01
  1.87318787e-01  1.88505977e-01  1.89543903e-01  1.90436214e-01  1.91189170e-01
  1.19305158e+00  1.21285677e+00  1.22769141e+00  1.24485195e+00  1.26297057e+00
  1.28161085e+00  1.30085647e+00  1.32206070e+00  1.34188044e+00  1.36202979e+00
  1.38408840e+00  1.40608048e+00  1.42855537e+00  1.45212126e+00  1.47653413e+00
  1.50125444e+00  1.52696776e+00  1.55353296e+00  1.58105445e+00  1.60926461e+00
  1.63832772e+00  1.66847587e+00  1.69971108e+00  1.73181522e+00  1.76499939e+00
  1.79938674e+00  1.83497322e+00  1.87176323e+00  1.90986121e+00  1.94933558e+00
  1.99025023e+00  2.03271675e+00  2.07671928e+00  2.12241673e+00  2.16986537e+00
  2.21920109e+00  2.27051950e+00  2.32395840e+00  2.37950778e+00  2.43741131e+00
  2.49790311e+00  2.56099582e+00  2.62692595e+00  2.69577765e+00  2.76808381e+00
  2.84370494e+00  2.92313623e+00  3.00653052e+00  3.09448838e+00  3.18708134e+00
  3.28492665e+00  3.38852787e+00  3.49857521e+00  3.61563706e+00  3.74130559e+00
  3.87589073e+00  4.02206469e+00  4.18112659e+00  4.35575390e+00  4.55075693e+00
  4.77302933e+00  5.03343916e+00  5.35973644e+00  5.83591270e+00  8.04898643e+00
   90  117
  1.10076559e+00 -5.00000007e-02  1.09990251e+00  5.00000007e-02  1.10562503e+00
  1.38428524e-01  1.11236751e+00  2.00000003e-01  1.12859619e+00  3.00000012e-01
  1.13891816e+00  3.49999994e-01  1.15875006e+00  4.36049998e-01  1.17458844e+00
  5.00000000e-01  1.18761885e+00  5.50000012e-01  1.21187496e+00  6.43887222e-01
  1.22602332e+00  6.99999988e-01  1.23843753e+00  7.52708375e-01  1.26042509e+00
  8.50000024e-01  1.27099359e+00  8.99999976e-01  1.28829575e+00  1.00000000e+00
  1.29961622e+00  1.06706631e+00  1.30766988e+00  1.11018431e+00  1.32172930e+00
  1.10000002e+00  1.37125003e+00  1.08803797e+00  1.42437506e+00  1.07194304e+00
  1.47749996e+00  1.05267465e+00  1.50406253e+00  1.04201806e+00  1.55718756e+00
  1.02157581e+00  1.60521996e+00  1.00000000e+00  1.63687503e+00  9.85923707e-01
  1.69000006e+00  9.59703028e-01  1.71656251e+00  9.44524765e-01  1.76968753e+00
  9.13005054e-01  1.79624999e+00  8.94811273e-01  1.84937501e+00  8.56575310e-01
  1.87593746e+00  8.34958911e-01  1.91536617e+00  8.00000012e-01  1.95562506e+00
  7.61713326e-01  1.98218751e+00  7.33510792e-01  2.01154423e+00  6.99999988e-01
  2.05019426e+00  6.49999976e-01  2.08444095e+00  6.00000024e-01  2.11500001e+00
  5.50515532e-01  2.14156246e+00  5.00577331e-01  2.16498542e+00  4.49999988e-01
  2.18666196e+00  4.00000006e-01  2.20686698e+00  3.49999994e-01  2.22566152e+00
  3.00000012e-01  2.24781251e+00  2.32965112e-01  2.27096033e+00  1.50000006e-01
  2.28157783e+00  1.00000001e-01  2.29137349e+00  0.00000000e+00  2.28617454e+00
 -1.00000001e-01  2.27437496e+00 -1.67906702e-01  2.25460792e+00 -2.50000000e-01
  2.24002004e+00 -3.00000012e-01  2.22125006e+00 -3.61055851e-01  2.19468760e+00
 -4.38492984e-01  2.17179394e+00 -5.00000000e-01  2.15054655e+00 -5.50000012e-01
  2.12641859e+00 -6.00000024e-01  2.09861636e+00 -6.49999976e-01  2.06619263e+00
 -6.99999988e-01  2.03531241e+00 -7.40393043e-01  2.00874996e+00 -7.71756589e-01
  1.98149049e+00 -8.00000012e-01  1.92906249e+00 -8.48590255e-01  1.90250003e+00
 -8.70761991e-01  1.86114752e+00 -8.99999976e-01  1.82281256e+00 -9.24371541e-01
  1.77315259e+00 -9.49999988e-01  1.74312496e+00 -9.63513732e-01  1.69000006e+00
 -9.81936514e-01  1.63687503e+00 -9.95694041e-01  1.61031246e+00 -1.00158024e+00
  1.55718756e+00 -1.00825810e+00  1.50406253e+00 -1.00732148e+00  1.46721268e+00
 -1.00000000e+00  1.42437506e+00 -9.84493971e-01  1.37593436e+00 -9.49999988e-01
  1.34468746e+00 -9.16069031e-01  1.31812501e+00 -8.75135124e-01  1.29156256e+00
 -8.22681308e-01  1.26499999e+00 -7.58998573e-01  1.24368382e+00 -6.99999988e-01
  1.22632611e+00 -6.49999976e-01  1.20984554e+00 -6.00000024e-01  1.18531251e+00
 -5.19196928e-01  1.16615653e+00 -4.49999988e-01  1.15331221e+00 -4.00000006e-01
  1.13218749e+00 -3.04191083e-01  1.12229061e+00 -2.50000000e-01  1.10869670e+00
 -1.50000006e-01  1.10385358e+00 -1.00000001e-01  1.10076559e+00 -5.00000007e-02
  1.01600003e+00  0.00000000e+00  1.01600003e+00  9.63999987e-01  1.01600003e+00
  9.67999995e-01  1.01600003e+00  1.00100005e+00  1.01600003e+00  1.01900005e+00
  1.01600003e+00  1.07700002e+00  1.01600003e+00  1.07000005e+00  1.01600003e+00
  1.09599996e+00  1.01600003e+00  1.11300004e+00  1.01600003e+00  1.13800001e+00
  1.01600003e+00  1.14699996e+00  1.01199996e+00  1.16499996e+00  1.00100005e+00
  1.21700001e+00  1.02900004e+00  1.21700001e+00  1.04200006e+00  1.16240001e+00
  1.04600000e+00  1.16237998e+00  1.05599999e+00  1.16260004e+00  1.09700000e+00
  1.16450000e+00  1.10800004e+00  1.16594005e+00  1.11600006e+00  1.16591001e+00
  1.13399994e+00  1.16895998e+00  1.14800000e+00  1.17174995e+00  1.16199994e+00
  1.17556000e+00  1.18099999e+00  1.18299997e+00  1.18200004e+00  1.18350005e+00
  1.18499994e+00  1.18499994e+00  1.19000006e+00  1.18799996e+00  1.19500005e+00
  1.19099998e+00  1.20099998e+00  1.19599998e+00  1.20899999e+00  1.20200002e+00
  1.21500003e+00  1.20799994e+00  1.22200000e+00  1.21399999e+00  1.22800004e+00
  1.22099996e+00  1.23399997e+00  1.23099995e+00  1.23899996e+00  1.23800004e+00
  1.24199998e+00  1.24399996e+00  1.24800003e+00  1.25399995e+00  1.25800002e+00
  1.27800000e+00  1.26300001e+00  1.28999996e+00  1.27999997e+00  1.33099997e+00
  1.27999997e+00  1.34700000e+00  1.27999997e+00  1.34800005e+00  1.30999994e+00
  1.34800005e+00  1.32799995e+00  1.34800005e+00  1.36099994e+00  1.34800005e+00
  1.38000000e+00  1.34800005e+00  1.41900003e+00  1.34800005e+00  1.41900003e+00
  1.30999994e+00  1.37199998e+00  1.30999994e+00  1.37167001e+00  1.29237998e+00
  1.37003005e+00  1.28268003e+00  1.36688006e+00  1.25644004e+00  1.36719000e+00
  1.22955000e+00  1.37178004e+00  1.19576001e+00  1.37223995e+00  1.19402003e+00
  1.38662004e+00  1.16487002e+00  1.38707995e+00  1.16420996e+00  1.40382004e+00
  1.15696001e+00  1.41127002e+00  1.15730000e+00  1.41857004e+00  1.16131997e+00
  1.42100000e+00  1.16400003e+00  1.48662996e+00  1.24049997e+00  1.49730003e+00
  1.23458004e+00  1.49761999e+00  1.23427999e+00  1.49744999e+00  1.23174000e+00
  1.49275005e+00  1.21329999e+00  1.49259996e+00  1.21061003e+00  1.49260998e+00
  1.20485997e+00  1.49278998e+00  1.20213997e+00  1.49339998e+00  1.19641995e+00
  1.49469995e+00  1.18510997e+00  1.49621999e+00  1.16069996e+00  1.47981000e+00
  1.12425995e+00  1.48081994e+00  1.12256002e+00  1.48149002e+00  1.12137997e+00
  1.48645997e+00  1.11691999e+00  1.49094999e+00  1.11439002e+00  1.50304997e+00
  1.11243999e+00  1.59696996e+00  1.09489000e+00  1.62549996e+00  1.08529997e+00
  1.63751996e+00  1.07988000e+00  1.64699996e+00  1.07700002e+00  1.78499997e+00
  1.07700002e+00  2.06999993e+00  1.03999996e+00  2.12800002e+00  9.92999971e-01
  2.24499989e+00  7.08999991e-01  2.33956003e+00  4.61430013e-01  2.34707999e+00
  4.15829986e-01  2.34912992e+00  2.72179991e-01  2.35103011e+00  1.70179993e-01
  2.35157990e+00  7.01199993e-02  2.35124993e+00 -3.17899995e-02  2.35050988e+00
 -1.44350007e-01  2.34964991e+00 -2.14829996e-01  2.34870005e+00 -3.26689988e-01
  2.34759998e+00 -3.86770010e-01  2.34019995e+00 -4.53040004e-01  2.32942009e+00
 -4.77569997e-01  2.13400006e+00 -9.72999990e-01  1.78600001e+00 -1.17400002e+00
  1.76800001e+00 -1.21099997e+00  1.76800001e+00 -1.25000000e+00  1.68200004e+00
 -1.25000000e+00  1.37199998e+00 -1.25000000e+00  1.37199998e+00 -1.32900000e+00
  1.41999996e+00 -1.32900000e+00  1.41999996e+00 -1.36300004e+00  1.27300000e+00
 -1.36300004e+00  1.15300000e+00 -1.36300004e+00  1.01600003e+00 -1.22300005e+00
  1.01600003e+00 -1.22300005e+00  1.01600003e+00 -8.29999983e-01  1.01600003e+00
 -8.00000012e-01  1.01600003e+00 -4.14999992e-01  1.01600003e+00 -4.00000006e-01
  1.01600003e+00 -1.00000005e-03  1.01600003e+00  0.00000000e+00
    0 0.000000000e+00    0
  0.00000000e+00  8.67532045e-02  1.23383313e-01  1.51743606e-01  1.75893873e-01
  1.97409794e-01  2.17076868e-01  2.34229833e-01  2.51553178e-01  2.67965823e-01
  2.83736646e-01  2.98938572e-01  3.13515246e-01  3.27749699e-01  3.41628522e-01
  3.55156600e-01  3.68367612e-01  3.81382227e-01  3.94211203e-01  4.06817257e-01
  4.19227153e-01  4.31544542e-01  4.43760395e-01  4.55815941e-01  4.67800826e-01
  4.79706794e-01  4.91570920e-01  5.03361762e-01  5.15110016e-01  5.26840031e-01
  5.38545251e-01  5.50255299e-01  5.61947346e-01  5.73649585e-01  5.85374296e-01
  5.97128808e-01  6.08914554e-01  6.20746613e-01  6.32617235e-01  6.44556284e-01
  6.56571269e-01  6.68651104e-01  6.80826783e-01  6.93075240e-01  7.05455601e-01
  7.17929900e-01  7.30536938e-01  7.43256867e-01  7.56146848e-01  7.69174337e-01
  7.82378733e-01  7.95758307e-01  8.09339464e-01  8.23120058e-01  8.37164700e-01
  8.51414621e-01  8.65976870e-01  8.80829573e-01  8.96015882e-01  9.11604404e-01
  9.27657068e-01  9.44209456e-01  9.61456537e-01  9.79676008e-01  1.00000000e+00
    0
