   EFITD   03/25/2017    #174791  3000             3  65  65
  1.70000005e+00  3.20000005e+00  1.69550002e+00  8.39999974e-01  0.00000000e+00
  1.72255599e+00 -5.05324826e-02 -2.50536382e-01  1.53362140e-01 -2.11756396e+00
  1.94384900e+06 -2.50536382e-01  0.00000000e+00  1.72255599e+00  0.00000000e+00
 -5.05324826e-02  0.00000000e+00  1.53362140e-01  0.00000000e+00  0.00000000e+00
 -3.71756005e+00 -3.71095943e+00 -3.70458031e+00 -3.69841957e+00 -3.69247437e+00
 -3.68674111e+00 -3.68121719e+00 -3.67589927e+00 -3.67078376e+00 -3.66586757e+00
 -3.66114712e+00 -3.65661955e+00 -3.65228057e+00 -3.64812732e+00 -3.64415598e+00
 -3.64036298e+00 -3.63674474e+00 -3.63329744e+00 -3.63001728e+00 -3.62690091e+00
 -3.62394404e+00 -3.62114310e+00 -3.61849403e+00 -3.61599326e+00 -3.61363649e+00
 -3.61142015e+00 -3.60933995e+00 -3.60739207e+00 -3.60557246e+00 -3.60387683e+00
 -3.60230160e+00 -3.60084224e+00 -3.59949470e+00 -3.59825492e+00 -3.59711909e+00
 -3.59608245e+00 -3.59514117e+00 -3.59429121e+00 -3.59352803e+00 -3.59284759e+00
 -3.59224582e+00 -3.59171820e+00 -3.59126091e+00 -3.59086919e+00 -3.59053922e+00
 -3.59026670e+00 -3.59004736e+00 -3.58987665e+00 -3.58975077e+00 -3.58966517e+00
 -3.58961582e+00 -3.58959818e+00 -3.58960819e+00 -3.58964157e+00 -3.58969402e+00
 -3.58976126e+00 -3.58983898e+00 -3.58992314e+00 -3.59000921e+00 -3.59009314e+00
 -3.59017038e+00 -3.59023690e+00 -3.59028864e+00 -3.59032106e+00 -3.59032989e+00
  1.51687797e+05  1.49551203e+05  1.47407203e+05  1.45255781e+05  1.43096953e+05
  1.40930703e+05  1.38757047e+05  1.36575969e+05  1.34387484e+05  1.32191594e+05
  1.29988273e+05  1.27777547e+05  1.25559406e+05  1.23333852e+05  1.21100883e+05
  1.18860508e+05  1.16612711e+05  1.14357500e+05  1.12094875e+05  1.09824844e+05
  1.07547391e+05  1.05262523e+05  1.02970250e+05  1.00670555e+05  9.83634531e+04
  9.60489375e+04  9.37270000e+04  9.13976562e+04  8.90608984e+04  8.67167188e+04
  8.43651328e+04  8.20061328e+04  7.96397188e+04  7.72658906e+04  7.48846484e+04
  7.24959922e+04  7.00999219e+04  6.76964375e+04  6.52855391e+04  6.28672305e+04
  6.04415039e+04  5.80083672e+04  5.55678164e+04  5.31198477e+04  5.06644688e+04
  4.82016758e+04  4.57314688e+04  4.32538477e+04  4.07688164e+04  3.82763672e+04
  3.57765039e+04  3.32692305e+04  3.07545410e+04  2.82324375e+04  2.57029199e+04
  2.31659902e+04  2.06216465e+04  1.80698887e+04  1.55107168e+04  1.29441318e+04
  1.03701328e+04  7.78872021e+03  5.19989404e+03  2.60365381e+03  0.00000000e+00
 -3.95375586e+00 -3.81567478e+00 -3.68001747e+00 -3.54678345e+00 -3.41597295e+00
 -3.28758574e+00 -3.16162205e+00 -3.03808212e+00 -2.91696525e+00 -2.79827213e+00
 -2.68200231e+00 -2.56815624e+00 -2.45673323e+00 -2.34773397e+00 -2.24115825e+00
 -2.13700581e+00 -2.03527689e+00 -1.93597138e+00 -1.83908939e+00 -1.74463081e+00
 -1.65259576e+00 -1.56298411e+00 -1.47579598e+00 -1.39103138e+00 -1.30869019e+00
 -1.22877252e+00 -1.15127826e+00 -1.07620740e+00 -1.00356007e+00 -9.33336258e-01
 -8.65535915e-01 -8.00158978e-01 -7.37205565e-01 -6.76675558e-01 -6.18569076e-01
 -5.62886000e-01 -5.09626448e-01 -4.58790332e-01 -4.10377681e-01 -3.64388525e-01
 -3.20822835e-01 -2.79680580e-01 -2.40961820e-01 -2.04666525e-01 -1.70794696e-01
 -1.39346331e-01 -1.10321432e-01 -8.37200060e-02 -5.95420487e-02 -3.77875566e-02
 -1.84565336e-02 -1.54897885e-03  1.29351085e-02  2.49957293e-02  3.46328802e-02
  4.18465659e-02  4.66367826e-02  4.90035303e-02  4.89468090e-02  4.64666225e-02
  4.15629670e-02  3.42358425e-02  2.44852528e-02  1.23111941e-02 -2.28633266e-03
 -3.37967312e+05 -3.39142062e+05 -3.40316812e+05 -3.41491531e+05 -3.42666281e+05
 -3.43841031e+05 -3.45015781e+05 -3.46190531e+05 -3.47365281e+05 -3.48540031e+05
 -3.49714750e+05 -3.50889500e+05 -3.52064250e+05 -3.53239000e+05 -3.54413750e+05
 -3.55588500e+05 -3.56763219e+05 -3.57937969e+05 -3.59112719e+05 -3.60287469e+05
 -3.61462219e+05 -3.62636969e+05 -3.63811719e+05 -3.64986438e+05 -3.66161188e+05
 -3.67335938e+05 -3.68510688e+05 -3.69685438e+05 -3.70860188e+05 -3.72034938e+05
 -3.73209656e+05 -3.74384406e+05 -3.75559156e+05 -3.76733906e+05 -3.77908656e+05
 -3.79083406e+05 -3.80258125e+05 -3.81432875e+05 -3.82607625e+05 -3.83782375e+05
 -3.84957125e+05 -3.86131875e+05 -3.87306625e+05 -3.88481344e+05 -3.89656094e+05
 -3.90830844e+05 -3.92005594e+05 -3.93180344e+05 -3.94355094e+05 -3.95529812e+05
 -3.96704562e+05 -3.97879312e+05 -3.99054062e+05 -4.00228812e+05 -4.01403562e+05
 -4.02578312e+05 -4.03753031e+05 -4.04927781e+05 -4.06102531e+05 -4.07277281e+05
 -4.08452031e+05 -4.09626781e+05 -4.10801500e+05 -4.11976250e+05 -4.13151000e+05
  1.99429214e-01  1.88730374e-01  1.76915959e-01  1.63926512e-01  1.49925843e-01
  1.35297656e-01  1.20587572e-01  1.06411777e-01  9.77258906e-02  9.96100605e-02
  1.01247571e-01  9.81127024e-02  9.31398049e-02  9.14779752e-02  9.24277157e-02
  9.57855061e-02  1.01616882e-01  1.10149190e-01  1.21845193e-01  1.37576640e-01
  1.58944443e-01  1.81263342e-01  2.01008350e-01  2.19575569e-01  2.37842843e-01
  2.56469905e-01  2.76074767e-01  2.97362715e-01  3.21272403e-01  3.48960489e-01
  3.72895807e-01  3.90603602e-01  4.02863592e-01  4.09197420e-01  4.09307361e-01
  4.02322620e-01  3.91135097e-01  3.83540004e-01  3.78375590e-01  3.74940217e-01
  3.72816443e-01  3.71749401e-01  3.71571422e-01  3.72158855e-01  3.73409778e-01
  3.75233769e-01  3.77547294e-01  3.80271375e-01  3.83330226e-01  3.86650473e-01
  3.90160412e-01  3.93790126e-01  3.97471666e-01  4.01139796e-01  4.04732943e-01
  4.08194423e-01  4.11473811e-01  4.14528191e-01  4.17323053e-01  4.19833064e-01
  4.22042012e-01  4.23942685e-01  4.25535858e-01  4.26829368e-01  4.27836567e-01
  1.93069786e-01  1.80037931e-01  1.65349975e-01  1.48756146e-01  1.30276397e-01
  1.10362083e-01  9.26938131e-02  8.25611800e-02  8.10674280e-02  8.85053724e-02
  9.47064087e-02  9.68479365e-02  9.72989574e-02  9.85127464e-02  1.01128079e-01
  1.05427012e-01  1.11652806e-01  1.20078310e-01  1.31030366e-01  1.44872889e-01
  1.61737204e-01  1.79833367e-01  1.97558314e-01  2.15050235e-01  2.32691109e-01
  2.50913829e-01  2.70213038e-01  2.91210085e-01  3.14779192e-01  3.41980100e-01
  3.65601659e-01  3.83109748e-01  3.95194203e-01  4.01649177e-01  4.02083099e-01
  3.95553291e-01  3.85195673e-01  3.78408134e-01  3.74109238e-01  3.71603101e-01
  3.70462894e-01  3.70413631e-01  3.71268332e-01  3.72890919e-01  3.75174403e-01
  3.78027827e-01  3.81368786e-01  3.85118842e-01  3.89200836e-01  3.93537343e-01
  3.98049742e-01  4.02658224e-01  4.07282531e-01  4.11843091e-01  4.16263133e-01
  4.20471013e-01  4.24402803e-01  4.28004831e-01  4.31235611e-01  4.34067190e-01
  4.36485261e-01  4.38488722e-01  4.40088004e-01  4.41302866e-01  4.42160189e-01
  1.90064430e-01  1.75779223e-01  1.59193158e-01  1.39348105e-01  1.15884997e-01
  9.77939889e-02  8.71959254e-02  8.44712630e-02  8.99161249e-02  9.68915373e-02
  1.02408059e-01  1.06446847e-01  1.09691322e-01  1.12915792e-01  1.16731055e-01
  1.21560626e-01  1.27701566e-01  1.35367706e-01  1.44693166e-01  1.55692071e-01
  1.68187693e-01  1.81813285e-01  1.96198970e-01  2.11154252e-01  2.26669475e-01
  2.42847204e-01  2.59847552e-01  2.77844042e-01  2.96939582e-01  3.16692263e-01
  3.34678710e-01  3.49277914e-01  3.60177338e-01  3.67235184e-01  3.70350391e-01
  3.69659632e-01  3.66966218e-01  3.64805967e-01  3.63665789e-01  3.63536268e-01
  3.64333302e-01  3.65964562e-01  3.68344963e-01  3.71398032e-01  3.75053853e-01
  3.79245639e-01  3.83906871e-01  3.88968706e-01  3.94358099e-01  3.99996340e-01
  4.05798137e-01  4.11671728e-01  4.17519659e-01  4.23241287e-01  4.28735942e-01
  4.33907688e-01  4.38670337e-01  4.42952514e-01  4.46701646e-01  4.49886650e-01
  4.52498317e-01  4.54547822e-01  4.56063569e-01  4.57086861e-01  4.57667232e-01
  1.91434637e-01  1.77643746e-01  1.61822677e-01  1.43235713e-01  1.22638091e-01
  1.10230528e-01  1.07234836e-01  1.08534500e-01  1.10790357e-01  1.13514476e-01
  1.16351873e-01  1.19168922e-01  1.22049704e-01  1.25209048e-01  1.28899634e-01
  1.33354157e-01  1.38760135e-01  1.45249903e-01  1.52893066e-01  1.61688760e-01
  1.71565056e-01  1.82397649e-01  1.94048092e-01  2.06400737e-01  2.19376713e-01
  2.32921794e-01  2.46974424e-01  2.61414677e-01  2.75989115e-01  2.90234566e-01
  3.03514630e-01  3.15231830e-01  3.24998200e-01  3.32654804e-01  3.38267803e-01
  3.42165023e-01  3.44932854e-01  3.47231060e-01  3.49559128e-01  3.52208018e-01
  3.55325013e-01  3.58975649e-01  3.63180757e-01  3.67935926e-01  3.73221010e-01
  3.79004359e-01  3.85244191e-01  3.91888261e-01  3.98872852e-01  4.06120926e-01
  4.13540870e-01  4.21025425e-01  4.28452402e-01  4.35687363e-01  4.42589313e-01
  4.49019313e-01  4.54850644e-01  4.59979564e-01  4.64333892e-01  4.67878431e-01
  4.70615655e-01  4.72582161e-01  4.73841131e-01  4.74473208e-01  4.74566877e-01
  1.96647078e-01  1.84808552e-01  1.72008067e-01  1.58259004e-01  1.45146489e-01
  1.38119236e-01  1.33843869e-01  1.31467476e-01  1.30430147e-01  1.30339488e-01
  1.30931929e-01  1.32061467e-01  1.33685440e-01  1.35838673e-01  1.38601407e-01
  1.42070070e-01  1.46334991e-01  1.51465252e-01  1.57499209e-01  1.64440110e-01
  1.72257021e-01  1.80891544e-01  1.90268219e-01  2.00304031e-01  2.10912064e-01
  2.21996844e-01  2.33442008e-01  2.45093331e-01  2.56744146e-01  2.68135250e-01
  2.78981119e-01  2.89019197e-01  2.98060119e-01  3.06020647e-01  3.12937498e-01
  3.18963557e-01  3.24340671e-01  3.29348922e-01  3.34251910e-01  3.39263201e-01
  3.44538450e-01  3.50183308e-01  3.56264800e-01  3.62821490e-01  3.69870543e-01
  3.77411872e-01  3.85429889e-01  3.93893331e-01  4.02753472e-01  4.11940813e-01
  4.21360821e-01  4.30889577e-01  4.40370500e-01  4.49615240e-01  4.58411157e-01
  4.66537356e-01  4.73787278e-01  4.79992747e-01  4.85043615e-01  4.88899082e-01
  4.91589218e-01  4.93205518e-01  4.93882805e-01  4.93776888e-01  4.93044257e-01
  2.03831702e-01  1.94120526e-01  1.84348941e-01  1.74866274e-01  1.66306809e-01
  1.59247980e-01  1.53785035e-01  1.49731830e-01  1.46852851e-01  1.44939438e-01
  1.43831164e-01  1.43421248e-01  1.43654048e-01  1.44516930e-01  1.46028608e-01
  1.48225904e-01  1.51150972e-01  1.54839531e-01  1.59312755e-01  1.64572895e-01
  1.70601726e-01  1.77361682e-01  1.84798896e-01  1.92847177e-01  2.01429456e-01
  2.10456476e-01  2.19823822e-01  2.29409203e-01  2.39072666e-01  2.48662278e-01
  2.58027047e-01  2.67034769e-01  2.75590807e-01  2.83652127e-01  2.91233897e-01
  2.98406780e-01  3.05285096e-01  3.12009007e-01  3.18724662e-01  3.25568706e-01
  3.32659036e-01  3.40091527e-01  3.47940952e-01  3.56263250e-01  3.65098119e-01
  3.74470651e-01  3.84391934e-01  3.94857794e-01  4.05845672e-01  4.17308658e-01
  4.29166198e-01  4.41290945e-01  4.53492641e-01  4.65504020e-01  4.76981133e-01
  4.87533152e-01  4.96781051e-01  5.04420161e-01  5.10262787e-01  5.14259815e-01
  5.16506076e-01  5.17221928e-01  5.16703784e-01  5.15260160e-01  5.13164699e-01
  2.11367399e-01  2.03170300e-01  1.95156932e-01  1.87466666e-01  1.80298939e-01
  1.73865363e-01  1.68285370e-01  1.63583264e-01  1.59721673e-01  1.56637281e-01
  1.54265702e-01  1.52555391e-01  1.51474208e-01  1.51010975e-01  1.51174277e-01
  1.51989177e-01  1.53491259e-01  1.55710414e-01  1.58665046e-01  1.62359402e-01
  1.66781396e-01  1.71900541e-01  1.77667901e-01  1.84027746e-01  1.90917894e-01
  1.98267713e-01  2.05997333e-01  2.14019507e-01  2.22242177e-01  2.30572701e-01
  2.38924205e-01  2.47223645e-01  2.55419552e-01  2.63487995e-01  2.71435350e-01
  2.79297352e-01  2.87134469e-01  2.95024753e-01  3.03055763e-01  3.11317086e-01
  3.19894820e-01  3.28868091e-01  3.38307798e-01  3.48276377e-01  3.58828455e-01
  3.70011538e-01  3.81866276e-01  3.94425631e-01  4.07712191e-01  4.21732515e-01
  4.36465532e-01  4.51840729e-01  4.67697471e-01  4.83713388e-01  4.99311984e-01
  5.13673961e-01  5.25987267e-01  5.35675108e-01  5.42414844e-01  5.46121359e-01
  5.47001898e-01  5.45612276e-01  5.42698801e-01  5.38900793e-01  5.34651577e-01
  2.18479380e-01  2.11251602e-01  2.04209045e-01  1.97382480e-01  1.90852568e-01
  1.84734061e-01  1.79112449e-01  1.74038529e-01  1.69532627e-01  1.65594041e-01
  1.62211314e-01  1.59370780e-01  1.57062829e-01  1.55286506e-01  1.54054806e-01
  1.53404757e-01  1.53423339e-01  1.54154763e-01  1.55623347e-01  1.57841489e-01
  1.60808921e-01  1.64500892e-01  1.68830723e-01  1.73752025e-01  1.79224432e-01
  1.85199514e-01  1.91616312e-01  1.98414236e-01  2.05534324e-01  2.12919787e-01
  2.20518321e-01  2.28287071e-01  2.36196488e-01  2.44232774e-01  2.52399117e-01
  2.60715485e-01  2.69217193e-01  2.77952075e-01  2.86976933e-01  2.96354264e-01
  3.06149215e-01  3.16427708e-01  3.27255517e-01  3.38698179e-01  3.50821793e-01
  3.63694400e-01  3.77387553e-01  3.91978592e-01  4.07552481e-01  4.24203604e-01
  4.42035735e-01  4.61158067e-01  4.81670320e-01  5.03619015e-01  5.26718497e-01
  5.48064470e-01  5.65285444e-01  5.77995777e-01  5.85887969e-01  5.88626802e-01
  5.85892320e-01  5.79000890e-01  5.71373880e-01  5.63774705e-01  5.56462884e-01
  2.25058153e-01  2.18439609e-01  2.11934507e-01  2.05533698e-01  1.99269652e-01
  1.93219930e-01  1.87450811e-01  1.82013333e-01  1.76942617e-01  1.72259793e-01
  1.67975366e-01  1.64092451e-01  1.60609096e-01  1.57518342e-01  1.54804051e-01
  1.52427107e-01  1.50854945e-01  1.50062889e-01  1.50051862e-01  1.50844172e-01
  1.52492017e-01  1.55105948e-01  1.58198968e-01  1.61857069e-01  1.66112393e-01
  1.70953706e-01  1.76294088e-01  1.82094812e-01  1.88328817e-01  1.94966540e-01
  2.01972410e-01  2.09320053e-01  2.16993451e-01  2.24985451e-01  2.33297288e-01
  2.41940305e-01  2.50936121e-01  2.60315925e-01  2.70119041e-01  2.80391395e-01
  2.91184217e-01  3.02553266e-01  3.14558923e-01  3.27266812e-01  3.40749502e-01
  3.55088979e-01  3.70380610e-01  3.86738479e-01  4.04303372e-01  4.23254490e-01
  4.43827718e-01  4.66346413e-01  4.91277367e-01  5.19343078e-01  5.51061630e-01
  5.79905272e-01  6.02587461e-01  6.18995965e-01  6.28867030e-01  6.31446719e-01
  6.26382530e-01  6.13291621e-01  5.99462867e-01  5.87181330e-01  5.76377511e-01
  2.31271625e-01  2.25021020e-01  2.18786672e-01  2.12539867e-01  2.06293941e-01
  2.00114414e-01  1.94061607e-01  1.88186169e-01  1.82527453e-01  1.77113920e-01
  1.71964556e-01  1.67090505e-01  1.62497059e-01  1.58185929e-01  1.54159978e-01
  1.50436699e-01  1.47497877e-01  1.45319879e-01  1.43896759e-01  1.43232897e-01
  1.43335789e-01  1.44202739e-01  1.45785809e-01  1.48101464e-01  1.51214004e-01
  1.55259967e-01  1.59687325e-01  1.64610386e-01  1.70084611e-01  1.76119566e-01
  1.82642415e-01  1.89639643e-01  1.97114229e-01  2.05067769e-01  2.13494420e-01
  2.22396627e-01  2.31785893e-01  2.41682693e-01  2.52115041e-01  2.63117343e-01
  2.74729759e-01  2.86998272e-01  2.99975455e-01  3.13721687e-01  3.28307301e-01
  3.43815774e-01  3.60348165e-01  3.78030002e-01  3.97020578e-01  4.17527169e-01
  4.39825952e-01  4.64293540e-01  4.91453379e-01  5.22032320e-01  5.56962252e-01
  5.92409015e-01  6.20358467e-01  6.40552700e-01  6.53070986e-01  6.57801092e-01
  6.53813720e-01  6.40726268e-01  6.21277750e-01  6.04871035e-01  5.91222942e-01
  2.37391740e-01  2.31366545e-01  2.25217417e-01  2.18901366e-01  2.12452173e-01
  2.05950558e-01  1.99464098e-01  1.93045631e-01  1.86735019e-01  1.80561230e-01
  1.74544185e-01  1.68695688e-01  1.63019568e-01  1.57509401e-01  1.52140364e-01
  1.47387832e-01  1.43296018e-01  1.39886618e-01  1.37173951e-01  1.35169923e-01
  1.33884534e-01  1.33324489e-01  1.33493006e-01  1.34400681e-01  1.36062279e-01
  1.38482466e-01  1.41615584e-01  1.45492792e-01  1.50202721e-01  1.55919567e-01
  1.62030324e-01  1.68688148e-01  1.75978944e-01  1.83934048e-01  1.92485124e-01
  2.01623365e-01  2.11351469e-01  2.21684456e-01  2.32644171e-01  2.44255722e-01
  2.56548405e-01  2.69556552e-01  2.83320785e-01  2.97889352e-01  3.13320011e-01
  3.29682678e-01  3.47062826e-01  3.65566313e-01  3.85325789e-01  4.06509221e-01
  4.29331124e-01  4.54066277e-01  4.81065005e-01  5.10766685e-01  5.43710768e-01
  5.80350697e-01  6.11819267e-01  6.35069847e-01  6.50330007e-01  6.57682538e-01
  6.57359123e-01  6.48397028e-01  6.30679667e-01  6.12337410e-01  5.97786546e-01
  2.43915603e-01  2.38092855e-01  2.31779054e-01  2.25066960e-01  2.18125999e-01
  2.11080268e-01  2.03998148e-01  1.96923479e-01  1.89887211e-01  1.82911962e-01
  1.76014110e-01  1.69205353e-01  1.62495300e-01  1.55897364e-01  1.49443954e-01
  1.43616006e-01  1.38413221e-01  1.33847192e-01  1.29933536e-01  1.26689166e-01
  1.24131009e-01  1.22275464e-01  1.21138543e-01  1.20736800e-01  1.21086620e-01
  1.22202180e-01  1.24095209e-01  1.26787663e-01  1.30308226e-01  1.34675935e-01
  1.39854208e-01  1.45896375e-01  1.52922556e-01  1.61149427e-01  1.69880956e-01
  1.79269537e-01  1.89306676e-01  2.00022355e-01  2.11444750e-01  2.23587260e-01
  2.36465201e-01  2.50097573e-01  2.64508426e-01  2.79727757e-01  2.95792431e-01
  3.12747329e-01  3.30646634e-01  3.49555373e-01  3.69551003e-01  3.90724391e-01
  4.13180441e-01  4.37036455e-01  4.62417990e-01  4.89452511e-01  5.18270016e-01
  5.49066961e-01  5.80220997e-01  6.03497684e-01  6.19864523e-01  6.29835725e-01
  6.33185267e-01  6.30436242e-01  6.20767891e-01  6.05788767e-01  5.93984246e-01
  2.51647800e-01  2.46333405e-01  2.39003822e-01  2.31180727e-01  2.23409072e-01
  2.15625182e-01  2.07822114e-01  2.00006425e-01  1.92188039e-01  1.84376583e-01
  1.76579222e-01  1.68798581e-01  1.61029413e-01  1.53251678e-01  1.45937070e-01
  1.39141634e-01  1.32901222e-01  1.27244368e-01  1.22197114e-01  1.17784701e-01
  1.14032194e-01  1.10964596e-01  1.08606905e-01  1.06984191e-01  1.06121436e-01
  1.06043421e-01  1.06775157e-01  1.08343251e-01  1.10775329e-01  1.14098206e-01
  1.18338391e-01  1.23538136e-01  1.29754528e-01  1.37047708e-01  1.45443916e-01
  1.55140147e-01  1.65407151e-01  1.76433176e-01  1.88298956e-01  2.00946093e-01
  2.14370430e-01  2.28570461e-01  2.43551329e-01  2.59321719e-01  2.75893718e-01
  2.93282747e-01  3.11506689e-01  3.30584556e-01  3.50533813e-01  3.71366441e-01
  3.93081665e-01  4.15654033e-01  4.39013004e-01  4.63006437e-01  4.87329364e-01
  5.11368692e-01  5.33929169e-01  5.53454101e-01  5.69005132e-01  5.80275238e-01
  5.87241828e-01  5.90089202e-01  5.89322209e-01  5.86047888e-01  5.81824601e-01
  2.58106500e-01  2.52954453e-01  2.45063350e-01  2.36510828e-01  2.28005543e-01
  2.19496757e-01  2.10958779e-01  2.02381462e-01  1.93763450e-01  1.85107738e-01
  1.76418975e-01  1.67701796e-01  1.58959553e-01  1.50191903e-01  1.41903833e-01
  1.34113520e-01  1.26844689e-01  1.20124064e-01  1.13980435e-01  1.08444102e-01
  1.03546560e-01  9.93201658e-02  9.57979411e-02  9.30132791e-02  9.09997821e-02
  8.97910744e-02  8.94208178e-02  8.99227560e-02  9.13307145e-02  9.36786085e-02
  9.70011652e-02  1.01335652e-01  1.06720999e-01  1.13194354e-01  1.20786384e-01
  1.29523546e-01  1.39380112e-01  1.50463402e-01  1.63011968e-01  1.76208466e-01
  1.90213576e-01  2.04991296e-01  2.20539182e-01  2.36844942e-01  2.53896475e-01
  2.71682322e-01  2.90188789e-01  3.09396595e-01  3.29276741e-01  3.49784464e-01
  3.70850921e-01  3.92371088e-01  4.14186418e-01  4.36061263e-01  4.57654476e-01
  4.78497148e-01  4.98010486e-01  5.15598476e-01  5.30779302e-01  5.43262839e-01
  5.52961171e-01  5.59981406e-01  5.64621389e-01  5.67341268e-01  5.68666637e-01
  2.63019145e-01  2.57816046e-01  2.49812767e-01  2.40850389e-01  2.31803849e-01
  2.22669020e-01  2.13440597e-01  2.04117417e-01  1.94701999e-01  1.85199469e-01
  1.75617218e-01  1.65966272e-01  1.56266585e-01  1.46561399e-01  1.37321159e-01
  1.28550723e-01  1.20269261e-01  1.12503789e-01  1.05286188e-01  9.86515805e-02
  9.26375166e-02  8.72832984e-02  8.26295093e-02  7.87175596e-02  7.55892769e-02
  7.32865036e-02  7.18508065e-02  7.13231638e-02  7.17437267e-02  7.31516257e-02
  7.55849555e-02  7.90806785e-02  8.36742297e-02  8.93987492e-02  9.62846130e-02
  1.04360327e-01  1.13654353e-01  1.24212302e-01  1.36086062e-01  1.49289325e-01
  1.64031684e-01  1.79422617e-01  1.95606679e-01  2.12514311e-01  2.30107948e-01
  2.48358652e-01  2.67232537e-01  2.86686212e-01  3.06663275e-01  3.27089995e-01
  3.47869515e-01  3.68874520e-01  3.89939338e-01  4.10852283e-01  4.31352079e-01
  4.51132804e-01  4.69863415e-01  4.87221599e-01  5.02933562e-01  5.16806483e-01
  5.28746605e-01  5.38762987e-01  5.46958745e-01  5.53508878e-01  5.58625519e-01
  2.67458498e-01  2.62170106e-01  2.53887296e-01  2.44552135e-01  2.35016435e-01
  2.25291446e-01  2.15389654e-01  2.05323458e-01  1.95104152e-01  1.84740812e-01
  1.74238876e-01  1.63597330e-01  1.52802974e-01  1.42314360e-01  1.32190198e-01
  1.22471631e-01  1.13195114e-01  1.04397409e-01  9.61174294e-02  8.83967057e-02
  8.12793449e-02  7.48116970e-02  6.90418556e-02  6.40191287e-02  5.97934797e-02
  5.64149097e-02  5.39328866e-02  5.23957610e-02  5.18502705e-02  5.23410477e-02
  5.39102405e-02  5.65971732e-02  6.04380853e-02  6.54660016e-02  7.17109367e-02
  7.92006925e-02  8.79622996e-02  9.80241224e-02  1.09414823e-01  1.22161180e-01
  1.36295766e-01  1.51811391e-01  1.68902516e-01  1.86565951e-01  2.04822198e-01
  2.23672882e-01  2.43079841e-01  2.62986988e-01  2.83325255e-01  3.04011762e-01
  3.24946493e-01  3.46008986e-01  3.67055207e-01  3.87916148e-01  4.08399343e-01
  4.28294539e-01  4.47384268e-01  4.65458095e-01  4.82328475e-01  4.97844279e-01
  5.11899948e-01  5.24438679e-01  5.35449922e-01  5.44961631e-01  5.53029358e-01
  2.71729648e-01  2.66328484e-01  2.57738441e-01  2.48001575e-01  2.37942174e-01
  2.27590218e-01  2.16979295e-01  2.06139058e-01  1.95093423e-01  1.83860391e-01
  1.72452316e-01  1.60876229e-01  1.49134085e-01  1.37716100e-01  1.26645207e-01
  1.15950875e-01  1.05667099e-01  9.58321020e-02  8.64882395e-02  7.76818469e-02
  6.94628060e-02  6.18841276e-02  5.50012663e-02  4.88714315e-02  4.35528271e-02
  3.91038135e-02  3.55820842e-02  3.30438502e-02  3.15430351e-02  3.11305523e-02
  3.18536870e-02  3.37555669e-02  3.68748233e-02  4.12454754e-02  4.68970537e-02
  5.38551211e-02  6.21420927e-02  7.17782825e-02  8.27829987e-02  9.51762944e-02
  1.08982570e-01  1.24235757e-01  1.41001716e-01  1.59362912e-01  1.78290293e-01
  1.97888643e-01  2.18036830e-01  2.38647729e-01  2.59642899e-01  2.80940920e-01
  3.02451432e-01  3.24071825e-01  3.45685691e-01  3.67162436e-01  3.88358653e-01
  4.09121096e-01  4.29291278e-01  4.48711008e-01  4.67228204e-01  4.84701723e-01
  5.01004934e-01  5.16027689e-01  5.29676914e-01  5.41877449e-01  5.52573264e-01
  2.76165783e-01  2.70641446e-01  2.61834323e-01  2.51598686e-01  2.40886360e-01
  2.29783908e-01  2.18361318e-01  2.06669345e-01  1.94743037e-01  1.82606742e-01
  1.70278057e-01  1.57770500e-01  1.45093545e-01  1.32730097e-01  1.20695122e-01
  1.09011941e-01  9.77117568e-02  8.68328661e-02  7.64199197e-02  6.65232316e-02
  5.71980625e-02  4.85038795e-02  4.05035019e-02  3.32622044e-02  2.68467106e-02
  2.13241633e-02  1.67610236e-02  1.32220034e-02  1.07689947e-02  9.46009252e-03
  9.34870914e-03  1.04828477e-02  1.29045686e-02  1.66496933e-02  2.17477847e-02
  2.82224175e-02  3.60917449e-02  4.53693233e-02  5.60651422e-02  6.81868494e-02
  8.17409903e-02  9.67335179e-02  1.13167875e-01  1.31032690e-01  1.50275484e-01
  1.71065286e-01  1.92272499e-01  2.13870198e-01  2.35812247e-01  2.58039922e-01
  2.80484170e-01  3.03066432e-01  3.25698823e-01  3.48284513e-01  3.70718092e-01
  3.92886341e-01  4.14668739e-01  4.35937911e-01  4.56559330e-01  4.76390094e-01
  4.95277226e-01  5.13056099e-01  5.29551387e-01  5.44581831e-01  5.57971478e-01
  2.81774342e-01  2.76203781e-01  2.66878009e-01  2.55804479e-01  2.44095325e-01
  2.31988862e-01  2.19584629e-01  2.06929669e-01  1.94049418e-01  1.80959955e-01
  1.67675093e-01  1.54214367e-01  1.40618116e-01  1.27325296e-01  1.14336625e-01
  1.01669990e-01  8.93552750e-02  7.74318948e-02  6.59473613e-02  5.49562983e-02
  4.45195548e-02  3.47032845e-02  2.55779494e-02  1.72172394e-02  9.69686732e-03
  3.09330761e-03 -2.51753745e-03 -7.06169009e-03 -1.04684290e-02 -1.26715563e-02
 -1.36105437e-02 -1.32315187e-02 -1.14880214e-02 -8.34150799e-03 -3.76154995e-03
  2.27428623e-03  9.78088845e-03  1.87663641e-02  2.92331018e-02  4.11790870e-02
  5.45993969e-02  6.94878548e-02  8.58388767e-02  1.03650339e-01  1.22931503e-01
  1.43726826e-01  1.66093245e-01  1.88844055e-01  2.11941779e-01  2.35341817e-01
  2.58993596e-01  2.82841355e-01  3.06824625e-01  3.30878347e-01  3.54932308e-01
  3.78910244e-01  4.02727634e-01  4.26288605e-01  4.49480414e-01  4.72165644e-01
  4.94172275e-01  5.15281916e-01  5.35221398e-01  5.53663850e-01  5.70249915e-01
  2.90502846e-01  2.85736561e-01  2.74051636e-01  2.60659307e-01  2.47373909e-01
  2.34003574e-01  2.20488667e-01  2.06802279e-01  1.92927539e-01  1.78850129e-01
  1.64553463e-01  1.50011659e-01  1.35645330e-01  1.21495046e-01  1.07590079e-01
  9.39608067e-02  8.06435123e-02  6.76821545e-02  5.51287420e-02  4.30430546e-02
  3.14920470e-02  2.05489770e-02  1.02923689e-02  8.04792624e-04 -7.82850105e-03
 -1.55210672e-02 -2.21868437e-02 -2.77417712e-02 -3.21054235e-02 -3.52025628e-02
 -3.69645730e-02 -3.73307317e-02 -3.62492241e-02 -3.36778350e-02 -2.95843557e-02
 -2.39465516e-02 -1.67517848e-02 -7.99620245e-03  2.31644954e-03  1.41764116e-02
  2.75698695e-02  4.24813367e-02  5.88965602e-02  7.68061578e-02  9.62103158e-02
  1.17123857e-01  1.39576837e-01  1.63616493e-01  1.88028902e-01  2.12779567e-01
  2.37833217e-01  2.63155013e-01  2.88711429e-01  3.14470202e-01  3.40399474e-01
  3.66466045e-01  3.92632395e-01  4.18851763e-01  4.45059747e-01  4.71160948e-01
  4.97007668e-01  5.22367537e-01  5.46877921e-01  5.69998801e-01  5.91013670e-01
  2.95942247e-01  2.91274846e-01  2.78882504e-01  2.64237732e-01  2.49735102e-01
  2.35262215e-01  2.20731467e-01  2.06083417e-01  1.91276789e-01  1.76281422e-01
  1.61073968e-01  1.45633623e-01  1.30397364e-01  1.15363136e-01  1.00543261e-01
  8.59619454e-02  7.16543421e-02  5.76659553e-02  4.40521948e-02  3.08776908e-02
  1.82155557e-02  6.14638580e-03 -5.24288882e-03 -1.58603750e-02 -2.56107524e-02
 -3.43969837e-02 -4.21221443e-02 -4.86913100e-02 -5.40135019e-02 -5.80035485e-02
 -6.05838448e-02 -6.16859049e-02 -6.12516403e-02 -5.92343174e-02 -5.55991046e-02
 -5.03231809e-02 -4.33953814e-02 -3.48153636e-02 -2.45922804e-02 -1.27430055e-02
  7.10109947e-04  1.57419015e-02  3.23274732e-02  5.04456535e-02  7.00827464e-02
  9.12362263e-02  1.13918096e-01  1.38158470e-01  1.64010018e-01  1.90236822e-01
  2.16814995e-01  2.43727028e-01  2.70966411e-01  2.98536569e-01  3.26449394e-01
  3.54724199e-01  3.83386344e-01  4.12464827e-01  4.41987008e-01  4.71968502e-01
  5.02393961e-01  5.33179045e-01  5.64089239e-01  5.94525456e-01  6.22953653e-01
  2.99035341e-01  2.94286430e-01  2.81108826e-01  2.65838832e-01  2.50612438e-01
  2.35365540e-01  2.20042020e-01  2.04591498e-01  1.88972443e-01  1.73153922e-01
  1.57119840e-01  1.40881062e-01  1.24833703e-01  1.08958371e-01  9.32587981e-02
  7.77557567e-02  6.24840967e-02  4.74912301e-02  3.28361541e-02  1.85885597e-02
  4.82794130e-03 -8.35748855e-03 -2.08720677e-02 -3.26141790e-02 -4.34779748e-02
 -5.33552766e-02 -6.21376745e-02 -6.97187111e-02 -7.59961084e-02 -8.08740035e-02
 -8.42649862e-02 -8.60920176e-02 -8.62899795e-02 -8.48068818e-02 -8.16046223e-02
 -7.66591877e-02 -6.99603856e-02 -6.15109652e-02 -5.13252169e-02 -3.94269899e-02
 -2.58472655e-02 -1.06212655e-02  6.21483801e-03  2.46274844e-02  4.45894822e-02
  6.60838336e-02  8.91075134e-02  1.13675192e-01  1.39823064e-01  1.67613104e-01
  1.95779487e-01  2.24305853e-01  2.53216922e-01  2.82556891e-01  3.12385052e-01
  3.42777342e-01  3.73829663e-01  4.05662417e-01  4.38425303e-01  4.72302824e-01
  5.07521510e-01  5.44359446e-01  5.83163977e-01  6.24362469e-01  6.66218579e-01
  2.99559087e-01  2.94564843e-01  2.81393528e-01  2.65745610e-01  2.50052094e-01
  2.34274939e-01  2.18367800e-01  2.02284142e-01  1.85979292e-01  1.69408888e-01
  1.52523249e-01  1.35707021e-01  1.18977033e-01  1.02344602e-01  8.58269185e-02
  6.94513991e-02  5.32573573e-02  3.72963622e-02  2.16321200e-02  6.33999333e-03
 -8.49375967e-03 -2.27730200e-02 -3.63931172e-02 -4.92424220e-02 -6.12042062e-02
 -7.21587762e-02 -8.19857791e-02 -9.05667171e-02 -9.77874696e-02 -1.03540868e-01
 -1.07729115e-01 -1.10266000e-01 -1.11078799e-01 -1.10109739e-01 -1.07316934e-01
 -1.02674805e-01 -9.61738378e-02 -8.78196955e-02 -7.76317269e-02 -6.56408221e-02
 -5.18867709e-02 -3.64150852e-02 -1.92734059e-02 -5.07574819e-04  1.98425278e-02
  4.17472795e-02  6.51915744e-02  9.01785940e-02  1.16732031e-01  1.44893840e-01
  1.74709469e-01  2.04766184e-01  2.35197917e-01  2.66105801e-01  2.97591925e-01
  3.29777122e-01  3.62813503e-01  3.96896571e-01  4.32279915e-01  4.69295502e-01
  5.08383036e-01  5.50136030e-01  5.95380902e-01  6.45338833e-01  6.97511554e-01
  2.98674315e-01  2.93420047e-01  2.80068427e-01  2.64185816e-01  2.48221055e-01
  2.32118368e-01  2.15821758e-01  1.99284226e-01  1.82465389e-01  1.65328547e-01
  1.47838652e-01  1.30407080e-01  1.13019362e-01  9.56766233e-02  7.83936754e-02
  6.11987263e-02  4.41334285e-02  2.72528641e-02  1.06253223e-02 -5.66814514e-03
 -2.15344541e-02 -3.68695110e-02 -5.15595600e-02 -6.54828697e-02 -7.85117075e-02
 -9.05146897e-02 -1.01359330e-01 -1.10914826e-01 -1.19054921e-01 -1.25660807e-01
 -1.30623952e-01 -1.33848608e-01 -1.35254100e-01 -1.34776518e-01 -1.32369965e-01
 -1.28007054e-01 -1.21678844e-01 -1.13393851e-01 -1.03176564e-01 -9.10651162e-02
 -7.71083981e-02 -6.13626093e-02 -4.38872576e-02 -2.47407909e-02 -3.97574808e-03
  1.83666237e-02  4.22625840e-02  6.77137449e-02  9.47584435e-02  1.23490989e-01
  1.54099688e-01  1.85213625e-01  2.16815397e-01  2.48943090e-01  2.81679124e-01
  3.15147042e-01  3.49514931e-01  3.85005265e-01  4.21910435e-01  4.60616291e-01
  5.01634657e-01  5.45646012e-01  5.93546629e-01  6.46475613e-01  7.03127980e-01
  2.96635211e-01  2.91127592e-01  2.77120113e-01  2.61265069e-01  2.45302990e-01
  2.29099452e-01  2.12596342e-01  1.95760310e-01  1.78566709e-01  1.60994142e-01
  1.43021420e-01  1.25056475e-01  1.07082352e-01  8.90977159e-02  7.11166114e-02
  5.31681143e-02  3.52961086e-02  1.75590646e-02  2.97786064e-05 -1.72050986e-02
 -3.40457633e-02 -5.03802747e-02 -6.60859421e-02 -8.10310766e-02 -9.50771049e-02
 -1.08081080e-01 -1.19898476e-01 -1.30386248e-01 -1.39406040e-01 -1.46827430e-01
 -1.52531043e-01 -1.56411588e-01 -1.58380315e-01 -1.58367127e-01 -1.56322017e-01
 -1.52215794e-01 -1.46039993e-01 -1.37806118e-01 -1.27543926e-01 -1.15299031e-01
 -1.01129837e-01 -8.51038247e-02 -6.72933534e-02 -4.77710217e-02 -2.66047046e-02
 -3.85230524e-03  2.04437636e-02  4.62622121e-02  7.36082941e-02  1.02517821e-01
  1.33055776e-01  1.65298253e-01  1.97946489e-01  2.31017679e-01  2.64588833e-01
  2.98776180e-01  3.33733529e-01  3.69658887e-01  4.06807035e-01  4.45508271e-01
  4.86196786e-01  5.29454470e-01  5.76080501e-01  6.27195835e-01  6.81930780e-01
  2.90917099e-01  2.84419060e-01  2.72198439e-01  2.57334709e-01  2.41720438e-01
  2.25586772e-01  2.08990186e-01  1.91946536e-01  1.74458489e-01  1.56528935e-01
  1.38177052e-01  1.19777925e-01  1.01308577e-01  8.27673599e-02  6.41699731e-02
  4.55480143e-02  2.69485321e-02  8.43384676e-03 -9.91862454e-03 -2.80167051e-02
 -4.57540900e-02 -6.30113184e-02 -7.96571448e-02 -9.55503657e-02 -1.10542022e-01
 -1.24478072e-01 -1.37202427e-01 -1.48560256e-01 -1.58401474e-01 -1.66584417e-01
 -1.72979265e-01 -1.77471370e-01 -1.79964155e-01 -1.80381522e-01 -1.78669453e-01
 -1.74796999e-01 -1.68756336e-01 -1.60561964e-01 -1.50248960e-01 -1.37870580e-01
 -1.23494916e-01 -1.07201077e-01 -8.90747830e-02 -6.92036003e-02 -4.76719402e-02
 -2.45559160e-02  8.17168184e-05  2.61963941e-02  5.37659191e-02  8.27932730e-02
  1.13306679e-01  1.45354807e-01  1.78994536e-01  2.12745637e-01  2.46755406e-01
  2.81141192e-01  3.16021621e-01  3.51530224e-01  3.87823462e-01  4.25086319e-01
  4.63538438e-01  5.03443599e-01  5.45133829e-01  5.89117467e-01  6.35365427e-01
  2.88313329e-01  2.81734377e-01  2.68955827e-01  2.53901511e-01  2.38274813e-01
  2.22088292e-01  2.05365270e-01  1.88113913e-01  1.70325875e-01  1.51975021e-01
  1.33438647e-01  1.14734910e-01  9.58737954e-02  7.68695921e-02  5.77466004e-02
  3.85419689e-02  1.93071403e-02  1.08675660e-04 -1.89714171e-02 -3.78357284e-02
 -5.63719124e-02 -7.44535625e-02 -9.19415653e-02 -1.08685941e-01 -1.24528170e-01
 -1.39303952e-01 -1.52846515e-01 -1.64990053e-01 -1.75573662e-01 -1.84445158e-01
 -1.91464990e-01 -1.96509808e-01 -1.99475750e-01 -2.00281084e-01 -1.98868155e-01
 -1.95204437e-01 -1.89282790e-01 -1.81120709e-01 -1.70758516e-01 -1.58256888e-01
 -1.43693432e-01 -1.27158642e-01 -1.08751364e-01 -8.85738730e-02 -6.67267069e-02
 -4.33034189e-02 -1.83852818e-02  7.96408113e-03  3.57043743e-02  6.48253337e-02
  9.53564271e-02  1.27384305e-01  1.61090076e-01  1.94993049e-01  2.29025617e-01
  2.63195127e-01  2.97536194e-01  3.32091242e-01  3.66898865e-01  4.01980221e-01
  4.37317073e-01  4.72809583e-01  5.08188307e-01  5.42821348e-01  5.75394452e-01
  2.86382914e-01  2.79683232e-01  2.66359895e-01  2.51035333e-01  2.35216379e-01
  2.18874663e-01  2.01995566e-01  1.84564888e-01  1.66564941e-01  1.47973537e-01
  1.29189253e-01  1.10198773e-01  9.10018831e-02  7.16105476e-02  5.20497300e-02
  3.23584042e-02  1.25905415e-02 -7.18419673e-03 -2.68800687e-02 -4.63952310e-02
 -6.56121150e-02 -8.43982697e-02 -1.02607712e-01 -1.20082781e-01 -1.36656523e-01
 -1.52155653e-01 -1.66403919e-01 -1.79225922e-01 -1.90451100e-01 -1.99918032e-01
 -2.07478493e-01 -2.13001475e-01 -2.16376662e-01 -2.17517376e-01 -2.16362745e-01
 -2.12878972e-01 -2.07059681e-01 -1.98925152e-01 -1.88520655e-01 -1.75913766e-01
 -1.61190882e-01 -1.44453123e-01 -1.25811517e-01 -1.05382070e-01 -8.32804665e-02
 -5.96168041e-02 -3.44903953e-02 -7.98473880e-03  1.98372174e-02  4.89372946e-02
  7.93049932e-02  1.10956654e-01  1.43923432e-01  1.78206950e-01  2.12223306e-01
  2.46040195e-01  2.79676020e-01  3.13121289e-01  3.46338421e-01  3.79250675e-01
  4.11722153e-01  4.43528086e-01  4.74316508e-01  5.03573418e-01  5.30628681e-01
  2.83887297e-01  2.76990801e-01  2.63831139e-01  2.48373285e-01  2.32422054e-01
  2.15959892e-01  1.98962227e-01  1.81404248e-01  1.63260609e-01  1.44505247e-01
  1.25529215e-01  1.06314093e-01  8.68554935e-02  6.71631247e-02  4.72612418e-02
  2.71892995e-02  7.00263353e-03 -1.32269785e-02 -3.34109887e-02 -5.34440540e-02
 -7.32043982e-02 -9.25546438e-02 -1.11343175e-01 -1.29406005e-01 -1.46569282e-01
 -1.62652269e-01 -1.77470937e-01 -1.90841913e-01 -2.02586710e-01 -2.12536231e-01
 -2.20535114e-01 -2.26446018e-01 -2.30153307e-01 -2.31566250e-01 -2.30621427e-01
 -2.27284074e-01 -2.21548557e-01 -2.13437676e-01 -2.03001007e-01 -1.90312102e-01
 -1.75465032e-01 -1.58570051e-01 -1.39748842e-01 -1.19129330e-01 -9.68404487e-02
 -7.30067864e-02 -4.77435067e-02 -2.11513694e-02  6.68796571e-03  3.57166231e-02
  6.59056678e-02  9.72623602e-02  1.29843861e-01  1.63790271e-01  1.97519600e-01
  2.30887413e-01  2.63817489e-01  2.96245664e-01  3.28093469e-01  3.59251708e-01
  3.89567673e-01  4.18834001e-01  4.46781904e-01  4.73084658e-01  4.97377872e-01
  2.81710267e-01  2.74695307e-01  2.61363834e-01  2.45829269e-01  2.29828194e-01
  2.13326499e-01  1.96288988e-01  1.78682134e-01  1.60474285e-01  1.41635045e-01
  1.22547656e-01  1.03192210e-01  8.35630670e-02  6.36692196e-02  4.35348190e-02
  2.31998228e-02  2.72062351e-03 -1.78294200e-02 -3.83596569e-02 -5.87621145e-02
 -7.89118633e-02 -9.86678302e-02 -1.17874175e-01 -1.36362195e-01 -1.53952852e-01
 -1.70459881e-01 -1.85693443e-01 -1.99464202e-01 -2.11587772e-01 -2.21889362e-01
 -2.30208337e-01 -2.36402601e-01 -2.40352660e-01 -2.41964817e-01 -2.41173804e-01
 -2.37944260e-01 -2.32271254e-01 -2.24179655e-01 -2.13722408e-01 -2.00977847e-01
 -1.86046004e-01 -1.69044361e-01 -1.50102928e-01 -1.29359066e-01 -1.06952213e-01
 -8.30185637e-02 -5.76861575e-02 -3.10701840e-02 -3.26892990e-03  2.56396458e-02
  5.56002110e-02  8.65803510e-02  1.18566312e-01  1.51547223e-01  1.85468137e-01
  2.18618527e-01  2.51027226e-01  2.82669485e-01  3.13482761e-01  3.43371511e-01
  3.72207850e-01  3.99832338e-01  4.26057249e-01  4.50674802e-01  4.73471403e-01
  2.79449552e-01  2.72334903e-01  2.58818686e-01  2.43319616e-01  2.27395445e-01
  2.10975334e-01  1.94007441e-01  1.76450908e-01  1.58271462e-01  1.39437929e-01
  1.20330043e-01  1.00929096e-01  8.12303945e-02  6.12437725e-02  4.09942307e-02
  2.05226839e-02 -1.13371309e-04 -2.08392572e-02 -4.15627658e-02 -6.21741116e-02
 -8.25462565e-02 -1.02535732e-01 -1.21983998e-01 -1.40719384e-01 -1.58559635e-01
 -1.75315022e-01 -1.90792143e-01 -2.04798028e-01 -2.17144683e-01 -2.27653846e-01
 -2.36161694e-01 -2.42523327e-01 -2.46616900e-01 -2.48347029e-01 -2.47647434e-01
 -2.44482517e-01 -2.38847941e-01 -2.30769992e-01 -2.20303938e-01 -2.07531244e-01
 -1.92555949e-01 -1.75500244e-01 -1.56499684e-01 -1.35697871e-01 -1.13241181e-01
 -8.92735496e-02 -6.39315173e-02 -3.73396389e-02 -9.60646290e-03  1.91790331e-02
  4.89503965e-02  7.96662793e-02  1.11313090e-01  1.43909439e-01  1.77517906e-01
  2.10297912e-01  2.42223024e-01  2.73250043e-01  3.03315401e-01  3.32334638e-01
  3.60203356e-01  3.86799753e-01  4.11989152e-01  4.35631007e-01  4.57588136e-01
  2.76333809e-01  2.69014150e-01  2.55905777e-01  2.40748584e-01  2.25137278e-01
  2.08968967e-01  1.92197382e-01  1.74794123e-01  1.56734854e-01  1.37995213e-01
  1.18957467e-01  9.96069238e-02  7.99418017e-02  5.99740781e-02  3.97304296e-02
  1.92531273e-02 -1.39914127e-03 -2.21506264e-02 -4.29080911e-02 -6.35607392e-02
 -8.39805007e-02 -1.04022883e-01 -1.23528242e-01 -1.42323777e-01 -1.60226092e-01
 -1.77044287e-01 -1.92583755e-01 -2.06650361e-01 -2.19054982e-01 -2.29618326e-01
 -2.38175601e-01 -2.44581133e-01 -2.48712480e-01 -2.50473857e-01 -2.49798864e-01
 -2.46651992e-01 -2.41029352e-01 -2.32957944e-01 -2.22494066e-01 -2.09720522e-01
 -1.94743022e-01 -1.77685753e-01 -1.58686548e-01 -1.37891650e-01 -1.15450449e-01
 -9.15102288e-02 -6.62112832e-02 -3.96823511e-02 -1.20364884e-02  1.66326109e-02
  4.62540314e-02  7.67830834e-02  1.08205460e-01  1.40543044e-01  1.73862383e-01
  2.06313536e-01  2.37856239e-01  2.68440932e-01  2.98004925e-01  3.26471478e-01
  3.53750706e-01  3.79742324e-01  4.04339820e-01  4.27436084e-01  4.48929995e-01
  2.72325307e-01  2.64415324e-01  2.52524763e-01  2.38409013e-01  2.23336622e-01
  2.07524821e-01  1.91021785e-01  1.73836783e-01  1.55963928e-01  1.37389317e-01
  1.18500993e-01  9.92892832e-02  7.97560140e-02  5.99157847e-02  3.97972241e-02
  1.94440577e-02 -1.08398311e-03 -2.17104331e-02 -4.23416458e-02 -6.28666729e-02
 -8.31575617e-02 -1.03070162e-01 -1.22445405e-01 -1.41111284e-01 -1.58885345e-01
 -1.75577834e-01 -1.90995425e-01 -2.04945326e-01 -2.17239842e-01 -2.27701068e-01
 -2.36165613e-01 -2.42489070e-01 -2.46550128e-01 -2.48253971e-01 -2.47534871e-01
 -2.44357854e-01 -2.38719180e-01 -2.30645850e-01 -2.20193788e-01 -2.07445279e-01
 -1.92505226e-01 -1.75496891e-01 -1.56557038e-01 -1.35830775e-01 -1.13466345e-01
 -8.96099284e-02 -6.44008145e-02 -3.79669555e-02 -1.04209483e-02  1.81433447e-02
  4.76537161e-02  7.80621246e-02  1.09347336e-01  1.41519412e-01  1.74631566e-01
  2.06843883e-01  2.38127172e-01  2.68438697e-01  2.97720224e-01  3.25898826e-01
  3.52889448e-01  3.78598183e-01  4.02926624e-01  4.25777078e-01  4.47058469e-01
  2.71569103e-01  2.63887376e-01  2.51561493e-01  2.37377897e-01  2.22503379e-01
  2.06928566e-01  1.90660030e-01  1.73700318e-01  1.56045020e-01  1.37683511e-01
  1.19007759e-01  1.00011431e-01  8.06990489e-02  6.10873997e-02  4.12067585e-02
  2.11019907e-02  8.33482540e-04 -1.95221361e-02 -3.98715399e-02 -6.01045825e-02
 -8.00946131e-02 -9.96992365e-02 -1.18761636e-01 -1.37112483e-01 -1.54572397e-01
 -1.70955047e-01 -1.86070740e-01 -1.99730560e-01 -2.11750671e-01 -2.21957013e-01
 -2.30189785e-01 -2.36307874e-01 -2.40192771e-01 -2.41751894e-01 -2.40921050e-01
 -2.37666056e-01 -2.31983170e-01 -2.23898485e-01 -2.13466316e-01 -2.00766444e-01
 -1.85900584e-01 -1.68988198e-01 -1.50161624e-01 -1.29561126e-01 -1.07329622e-01
 -8.36077258e-02 -5.85288517e-02 -3.22148502e-02 -4.77214111e-03  2.37114578e-02
  5.31687960e-02  8.35534707e-02  1.14835516e-01  1.46985680e-01  1.79929107e-01
  2.11952806e-01  2.43075266e-01  2.73267418e-01  3.02471578e-01  3.30610156e-01
  3.57590556e-01  3.83309513e-01  4.07657892e-01  4.30526346e-01  4.51811850e-01
  2.71327019e-01  2.63732761e-01  2.51505435e-01  2.37394094e-01  2.22643301e-01
  2.07239956e-01  1.91172957e-01  1.74433634e-01  1.57012746e-01  1.38898715e-01
  1.20486267e-01  1.01770513e-01  8.27576146e-02  6.34658113e-02  4.39264625e-02
  2.41850764e-02  4.30211658e-03 -1.56463012e-02 -3.55680026e-02 -5.53546622e-02
 -7.48821273e-02 -9.40112025e-02 -1.12588942e-01 -1.30450502e-01 -1.47421598e-01
 -1.63321465e-01 -1.77966326e-01 -1.91173419e-01 -2.02765092e-01 -2.12573305e-01
 -2.20443964e-01 -2.26241052e-01 -2.29850397e-01 -2.31182799e-01 -2.30176374e-01
 -2.26797968e-01 -2.21043572e-01 -2.12937713e-01 -2.02531725e-01 -1.89901173e-01
 -1.75142363e-01 -1.58368200e-01 -1.39703557e-01 -1.19280308e-01 -9.72322598e-02
 -7.36901537e-02 -4.87768464e-02 -2.26027202e-02  4.73858183e-03  3.31743583e-02
  6.26574680e-02  9.31729600e-02  1.24751136e-01  1.57499760e-01  1.89817443e-01
  2.21533552e-01  2.52546579e-01  2.82772213e-01  3.12122315e-01  3.40496480e-01
  3.67779225e-01  3.93840820e-01  4.18540865e-01  4.41734374e-01  4.63280857e-01
  2.71949738e-01  2.64509231e-01  2.52178282e-01  2.38197938e-01  2.23605797e-01
  2.08384052e-01  1.92522660e-01  1.76012591e-01  1.58844516e-01  1.41007662e-01
  1.22901350e-01  1.04521886e-01  8.58766809e-02  6.69850335e-02  4.78789620e-02
  2.86040660e-02  9.22026858e-03 -1.01975864e-02 -2.95593701e-02 -4.87596244e-02
 -6.76779151e-02 -8.61795992e-02 -1.04117140e-01 -1.21331900e-01 -1.37656495e-01
 -1.52917668e-01 -1.66939616e-01 -1.79547712e-01 -1.90572560e-01 -1.99854076e-01
 -2.07245618e-01 -2.12617889e-01 -2.15862364e-01 -2.16894209e-01 -2.15654463e-01
 -2.12111220e-01 -2.06259981e-01 -1.98123008e-01 -1.87747598e-01 -1.75203547e-01
 -1.60579801e-01 -1.43980414e-01 -1.25520065e-01 -1.05319239e-01 -8.34993422e-02
 -6.01777360e-02 -3.54630239e-02 -9.45055019e-03  1.77816693e-02  4.61763851e-02
  7.56990835e-02  1.06336042e-01  1.38081163e-01  1.70890436e-01  2.03148037e-01
  2.34872341e-01  2.66028464e-01  2.96552092e-01  3.26354772e-01  3.55323166e-01
  3.83316755e-01  4.10166949e-01  4.35679376e-01  4.59641457e-01  4.81836081e-01
  2.72766411e-01  2.65475392e-01  2.53531486e-01  2.39732251e-01  2.25320607e-01
  2.10293248e-01  1.94646508e-01  1.78376719e-01  1.61478415e-01  1.43943638e-01
  1.26178771e-01  1.08181767e-01  8.99615735e-02  7.15385526e-02  5.29450811e-02
  3.42263207e-02  1.54409343e-02 -3.33833904e-03 -2.20243726e-02 -4.05156389e-02
 -5.86965866e-02 -7.64384419e-02 -9.36004594e-02 -1.10031717e-01 -1.25573322e-01
 -1.40061200e-01 -1.53329194e-01 -1.65212572e-01 -1.75551787e-01 -1.84196353e-01
 -1.91008508e-01 -1.95866928e-01 -1.98669791e-01 -1.99337438e-01 -1.97814241e-01
 -1.94069728e-01 -1.88098758e-01 -1.79920778e-01 -1.69578135e-01 -1.57133654e-01
 -1.42667353e-01 -1.26272544e-01 -1.08051583e-01 -8.81111398e-02 -6.65574521e-02
 -4.34915200e-02 -1.90043319e-02  6.82777259e-03  3.39479111e-02  6.23242408e-02
  9.19582024e-02  1.22900113e-01  1.55283839e-01  1.87584728e-01  2.19675496e-01
  2.51490116e-01  2.82974124e-01  3.14063668e-01  3.44673067e-01  3.74684244e-01
  4.03936237e-01  4.32214946e-01  4.59246695e-01  4.84701425e-01  5.08212924e-01
  2.74423420e-01  2.67345995e-01  2.55603969e-01  2.41990551e-01  2.27756605e-01
  2.12913394e-01  1.97472915e-01  1.81442946e-01  1.64824083e-01  1.47609800e-01
  1.30211979e-01  1.12632081e-01  9.48820338e-02  7.69835636e-02  5.89689314e-02
  4.08820584e-02  2.27793939e-02  4.73053101e-03 -1.31814526e-02 -3.08600441e-02
 -4.81956974e-02 -6.50666580e-02 -8.13402012e-02 -9.68743712e-02 -1.11520104e-01
 -1.25123784e-01 -1.37530252e-01 -1.48585990e-01 -1.58142596e-01 -1.66060254e-01
 -1.72211230e-01 -1.76483080e-01 -1.78781390e-01 -1.79032236e-01 -1.77183703e-01
 -1.73206836e-01 -1.67095661e-01 -1.58866420e-01 -1.48555964e-01 -1.36219218e-01
 -1.21926203e-01 -1.05758190e-01 -8.78036097e-02 -6.81535527e-02 -4.68971096e-02
 -2.41167322e-02  1.16272793e-04  2.57457811e-02  5.27340434e-02  8.10632035e-02
  1.10733695e-01  1.41757205e-01  1.74141586e-01  2.06359386e-01  2.38487020e-01
  2.70550847e-01  3.02551538e-01  3.34468573e-01  3.66255403e-01  3.97827178e-01
  4.29041058e-01  4.59666967e-01  4.89349723e-01  5.17574787e-01  5.43674231e-01
  2.76999146e-01  2.70203441e-01  2.58482069e-01  2.45032832e-01  2.30907694e-01
  2.16177553e-01  2.00896680e-01  1.85089737e-01  1.68759912e-01  1.51890859e-01
  1.34868890e-01  1.17723644e-01  1.00474857e-01  8.31447393e-02  6.57634884e-02
  4.83718775e-02  3.10225356e-02  1.37806013e-02 -3.27605847e-03 -2.00569946e-02
 -3.64596732e-02 -5.23703285e-02 -6.76652491e-02 -8.22124034e-02 -9.58734974e-02
 -1.08506382e-01 -1.19967788e-01 -1.30116284e-01 -1.38815418e-01 -1.45936891e-01
 -1.51363581e-01 -1.54992461e-01 -1.56737030e-01 -1.56529382e-01 -1.54321447e-01
 -1.50085866e-01 -1.43815741e-01 -1.35523945e-01 -1.25241354e-01 -1.13014638e-01
 -9.89031717e-02 -8.29754919e-02 -6.53052703e-02 -4.59669083e-02 -2.50309054e-02
 -2.55897385e-03  2.14009043e-02  4.68194261e-02  7.36904442e-02  1.02033727e-01
  1.31891906e-01  1.63309991e-01  1.94954142e-01  2.26793543e-01  2.58841097e-01
  2.91126966e-01  3.23688120e-01  3.56562346e-01  3.89780968e-01  4.23357517e-01
  4.57266420e-01  4.91401821e-01  5.25490642e-01  5.58902264e-01  5.90332866e-01
  2.80889153e-01  2.74679631e-01  2.62969345e-01  2.49089360e-01  2.34706894e-01
  2.19901055e-01  2.04697311e-01  1.89101458e-01  1.73113450e-01  1.56736881e-01
  1.39993697e-01  1.23266146e-01  1.06538393e-01  8.98149684e-02  7.31160045e-02
  5.64753264e-02  3.99396978e-02  2.35684961e-02  7.43339909e-03 -8.38202611e-03
 -2.37829890e-02 -3.86644229e-02 -5.29122651e-02 -6.64050505e-02 -7.90158585e-02
 -9.06145424e-02 -1.01070248e-01 -1.10254087e-01 -1.18041962e-01 -1.24317370e-01
 -1.28974110e-01 -1.31918788e-01 -1.33072913e-01 -1.32374659e-01 -1.29779905e-01
 -1.25262782e-01 -1.18815467e-01 -1.10447325e-01 -1.00183278e-01 -8.80615786e-02
 -7.41309300e-02 -5.84471114e-02 -4.10691015e-02 -2.20548064e-02 -1.45639374e-03
  2.06848253e-02  4.43442576e-02  6.95213825e-02  9.62504297e-02  1.24618784e-01
  1.54803887e-01  1.85418263e-01  2.16423944e-01  2.47831002e-01  2.79683441e-01
  3.12051505e-01  3.45029145e-01  3.78734410e-01  4.13311750e-01  4.48935717e-01
  4.85815793e-01  5.24205506e-01  5.64426064e-01  6.06973112e-01  6.51811719e-01
  2.86023527e-01  2.80743867e-01  2.68141270e-01  2.53310710e-01  2.38495767e-01
  2.23559976e-01  2.08426297e-01  1.93048373e-01  1.77393630e-01  1.61435723e-01
  1.45149857e-01  1.28945455e-01  1.12813130e-01  9.67581049e-02  8.07982758e-02
  6.49636984e-02  4.92963828e-02  3.38501632e-02  1.86904185e-02  3.89355537e-03
 -1.04537020e-02 -2.42553037e-02 -3.74071337e-02 -4.97985557e-02 -6.13142401e-02
 -7.18362033e-02 -8.12461078e-02 -8.94276500e-02 -9.62690860e-02 -1.01665653e-01
 -1.05521962e-01 -1.07754104e-01 -1.08291477e-01 -1.07078180e-01 -1.04073867e-01
 -9.92541090e-02 -9.26100984e-02 -8.41477141e-02 -7.38859922e-02 -6.18550070e-02
 -4.80931588e-02 -3.26439999e-02 -1.55526428e-02  3.13822203e-03  2.33925153e-02
  4.51850891e-02  6.85058981e-02  9.33635607e-02  1.19787276e-01  1.47824168e-01
  1.77524239e-01  2.07473248e-01  2.37808064e-01  2.68631935e-01  3.00048023e-01
  3.32177043e-01  3.65169048e-01  3.99215192e-01  4.34561759e-01  4.71529245e-01
  5.10540724e-01  5.52164674e-01  5.97184300e-01  6.46699965e-01  6.99846447e-01
  2.88528174e-01  2.83665299e-01  2.70948797e-01  2.56110519e-01  2.41320461e-01
  2.26504073e-01  2.11601719e-01  1.96561918e-01  1.81340024e-01  1.65893987e-01
  1.50176942e-01  1.34570822e-01  1.19096182e-01  1.03766449e-01  8.85994956e-02
  7.36221001e-02  5.88716008e-02  4.43962514e-02  3.02550588e-02  1.65172238e-02
  3.26138106e-03 -9.42543242e-03 -2.14490164e-02 -3.27094793e-02 -4.31029275e-02
 -5.25233597e-02 -6.08646795e-02 -6.80228621e-02 -7.38981292e-02 -7.83970654e-02
 -8.14346373e-02 -8.29360336e-02 -8.28380957e-02 -8.10904950e-02 -7.76563808e-02
 -7.25125521e-02 -6.56490847e-02 -5.70684262e-02 -4.67839204e-02 -3.48177813e-02
 -2.11986098e-02 -5.95841417e-03  1.08707892e-02  2.92607788e-02  4.91912626e-02
  7.06542432e-02  9.36582014e-02  1.18231758e-01  1.44427270e-01  1.72325209e-01
  2.00671583e-01  2.29472011e-01  2.58777946e-01  2.88666666e-01  3.19239289e-01
  3.50625962e-01  3.82994652e-01  4.16563749e-01  4.51619327e-01  4.88538772e-01
  5.27823329e-01  5.70140421e-01  6.16369486e-01  6.67628586e-01  7.22621024e-01
  2.88529277e-01  2.83899218e-01  2.71794289e-01  2.57258385e-01  2.42780700e-01
  2.28332952e-01  2.13869140e-01  1.99344099e-01  1.84718117e-01  1.69960216e-01
  1.55053347e-01  1.40006870e-01  1.25214145e-01  1.10655010e-01  9.63307321e-02
  8.22585225e-02  6.84688017e-02  5.50036430e-02  4.19156551e-02  2.92670485e-02
  1.71286315e-02  5.57874842e-03 -5.29796444e-03 -1.54119637e-02 -2.46703532e-02
 -3.29785794e-02 -4.02422361e-02 -4.63689342e-02 -5.12701906e-02 -5.48632331e-02
 -5.70727102e-02 -5.78321777e-02 -5.70853166e-02 -5.47868013e-02 -5.09027950e-02
 -4.54109795e-02 -3.83001417e-02 -2.95692421e-02 -1.92260463e-02 -7.28527224e-03
  6.23370940e-03  2.13095844e-02  3.79222631e-02  5.60565889e-02  7.57068768e-02
  9.68825072e-02  1.19614027e-01  1.43954858e-01  1.69984609e-01  1.96486115e-01
  2.23466769e-01  2.50946343e-01  2.78963715e-01  3.07578504e-01  3.36873561e-01
  3.66959274e-01  3.97980601e-01  4.30126756e-01  4.63645130e-01  4.98860836e-01
  5.36205709e-01  5.76263607e-01  6.19847834e-01  6.68158174e-01  7.18714654e-01
  2.87067711e-01  2.82691032e-01  2.70776123e-01  2.56656647e-01  2.42692605e-01
  2.28825659e-01  2.14997813e-01  2.01156914e-01  1.87258974e-01  1.73268214e-01
  1.59155875e-01  1.44897684e-01  1.30926684e-01  1.17233425e-01  1.03822209e-01
  9.07098800e-02  7.79245719e-02  6.55046701e-02  5.34979142e-02  4.19605114e-02
  3.09562162e-02  2.05553267e-02  1.08335493e-02  1.87072658e-03 -6.25054399e-03
 -1.34464083e-02 -1.96333285e-02 -2.47296877e-02 -2.86573917e-02 -3.13433893e-02
 -3.27210762e-02 -3.27315070e-02 -3.13243419e-02 -2.84585319e-02 -2.41026096e-02
 -1.82346329e-02 -1.08417124e-02 -1.91912078e-03  8.53099674e-03  2.05013100e-02
  3.39813121e-02  4.89596091e-02  6.54263571e-02  8.33760351e-02  1.02811292e-01
  1.23752147e-01  1.46261573e-01  1.70423806e-01  1.95048541e-01  2.20136270e-01
  2.45691031e-01  2.71723866e-01  2.98256397e-01  3.25323224e-01  3.52974594e-01
  3.81279022e-01  4.10326540e-01  4.40232545e-01  4.71142381e-01  5.03236830e-01
  5.36739111e-01  5.71925521e-01  6.09144390e-01  6.48834348e-01  6.89289331e-01
  2.83342153e-01  2.79116929e-01  2.67524481e-01  2.54059404e-01  2.40882024e-01
  2.27854073e-01  2.14884669e-01  2.01912209e-01  1.88892215e-01  1.75789595e-01
  1.62574142e-01  1.49217874e-01  1.36164054e-01  1.23412207e-01  1.10973321e-01
  9.88674387e-02  8.71230066e-02  7.57764503e-02  6.48718402e-02  5.44602871e-02
  4.45992537e-02  3.53517234e-02  2.67851986e-02  1.89706031e-02  1.19810766e-02
  5.89068048e-03  7.73060718e-04 -3.29991011e-03 -6.25945861e-03 -8.04116391e-03
 -8.58608820e-03 -7.84173049e-03 -5.76275587e-03 -2.31146510e-03  2.54204217e-03
  8.82002711e-03  1.65376198e-02  2.57036854e-02  3.63220796e-02  4.83932719e-02
  6.19162843e-02  7.68907368e-02  9.33181494e-02  1.11200884e-01  1.30530536e-01
  1.51262060e-01  1.73584506e-01  1.96358562e-01  2.19584659e-01  2.43252903e-01
  2.67351568e-01  2.91871309e-01  3.16807568e-01  3.42162013e-01  3.67943406e-01
  3.94167632e-01  4.20857072e-01  4.48038191e-01  4.75736648e-01  5.03967166e-01
  5.32714605e-01  5.61896384e-01  5.91282547e-01  6.20280921e-01  6.47360682e-01
  2.76065588e-01  2.71606177e-01  2.61222392e-01  2.49176234e-01  2.37308636e-01
  2.25461423e-01  2.13586479e-01  2.01659143e-01  1.89660087e-01  1.77569851e-01
  1.65365368e-01  1.53014004e-01  1.40936092e-01  1.29169762e-01  1.17740288e-01
  1.06672272e-01  9.59943607e-02  8.57409388e-02  7.59524554e-02  6.66752383e-02
  5.79609275e-02  4.98657674e-02  4.24497686e-02  3.57757360e-02  2.99082529e-02
  2.49125697e-02  2.08534990e-02  1.77942961e-02  1.57955773e-02  1.49143254e-02
  1.52029973e-02  1.67088043e-02  1.94731914e-02  2.35315450e-02  2.89131682e-02
  3.56415249e-02  4.37347405e-02  5.32064028e-02  6.40667528e-02  7.63244480e-02
  8.99892375e-02  1.05076447e-01  1.21613123e-01  1.39661744e-01  1.59305483e-01
  1.79492667e-01  2.00338081e-01  2.21730366e-01  2.43600562e-01  2.65897989e-01
  2.88580269e-01  3.11609179e-01  3.34948987e-01  3.58565569e-01  3.82425278e-01
  4.06493545e-01  4.30732012e-01  4.55093712e-01  4.79514688e-01  5.03900647e-01
  5.28105736e-01  5.51899910e-01  5.74923337e-01  5.96638620e-01  6.16331041e-01
  2.66210914e-01  2.61022538e-01  2.52668232e-01  2.42842987e-01  2.32566953e-01
  2.22041473e-01  2.11360514e-01  2.00565889e-01  1.89675689e-01  1.78696916e-01
  1.67633295e-01  1.56493992e-01  1.45309523e-01  1.34516463e-01  1.24108993e-01
  1.14097871e-01  1.04504615e-01  9.53586698e-02  8.66959468e-02  7.85578564e-02
  7.09905103e-02  6.40439540e-02  5.77714033e-02  5.22283614e-02  4.74717654e-02
  4.35590707e-02  4.05473448e-02  3.84923741e-02  3.74478437e-02  3.74645293e-02
  3.85896638e-02  4.08663787e-02  4.43334021e-02  4.90249433e-02  5.49708419e-02
  6.21969216e-02  7.07254931e-02  8.05756897e-02  9.17639211e-02  1.04304910e-01
  1.18211225e-01  1.33502021e-01  1.50157049e-01  1.68363959e-01  1.87086537e-01
  2.06338301e-01  2.26116538e-01  2.46382236e-01  2.67084271e-01  2.88167000e-01
  3.09572130e-01  3.31238836e-01  3.53103369e-01  3.75098735e-01  3.97153884e-01
  4.19192582e-01  4.41131473e-01  4.62876499e-01  4.84317631e-01  5.05320609e-01
  5.25716901e-01  5.45291483e-01  5.63774228e-01  5.80840468e-01  5.96132219e-01
  2.58723766e-01  2.53575146e-01  2.45752811e-01  2.36776248e-01  2.27530256e-01
  2.18085065e-01  2.08496541e-01  1.98801070e-01  1.89018860e-01  1.79158732e-01
  1.69222042e-01  1.59205198e-01  1.49099737e-01  1.39378175e-01  1.30049616e-01
  1.21131271e-01  1.12646386e-01  1.04623474e-01  9.70957875e-02  9.01008919e-02
  8.36801827e-02  7.78782442e-02  7.27422759e-02  6.83213472e-02  6.46656752e-02
  6.18259124e-02  5.98524138e-02  5.87946400e-02  5.87005578e-02  5.96160516e-02
  6.15844056e-02  6.46458864e-02  6.88376278e-02  7.41937682e-02  8.07457641e-02
  8.85232911e-02  9.75558981e-02  1.07871808e-01  1.19495891e-01  1.32457778e-01
  1.46749988e-01  1.62566885e-01  1.78978324e-01  1.96112633e-01  2.13878423e-01
  2.32216567e-01  2.51076996e-01  2.70405978e-01  2.90143311e-01  3.10221672e-01
  3.30566347e-01  3.51094931e-01  3.71717185e-01  3.92335147e-01  4.12843734e-01
  4.33131456e-01  4.53081071e-01  4.72569734e-01  4.91468579e-01  5.09640932e-01
  5.26940048e-01  5.43206990e-01  5.58270931e-01  5.71953535e-01  5.84080100e-01
  2.51657635e-01  2.46590093e-01  2.39133865e-01  2.30730280e-01  2.22239166e-01
  2.13684186e-01  2.05079958e-01  1.96434721e-01  1.87750310e-01  1.79022759e-01
  1.70242459e-01  1.61392584e-01  1.52443483e-01  1.43835902e-01  1.35615617e-01
  1.27812594e-01  1.20453551e-01  1.13566533e-01  1.07182391e-01  1.01335153e-01
  9.60618928e-02  9.14023891e-02  8.73985738e-02  8.40939432e-02  8.15329105e-02
  7.97601789e-02  7.88202658e-02  7.87572488e-02  7.96146095e-02  8.14348459e-02
  8.42588246e-02  8.81251097e-02  9.30699855e-02  9.91284624e-02  1.06333353e-01
  1.14715815e-01  1.24321558e-01  1.35200366e-01  1.47363156e-01  1.61009476e-01
  1.75277218e-01  1.90308109e-01  2.06041366e-01  2.22447291e-01  2.39481926e-01
  2.57097065e-01  2.75240511e-01  2.93853760e-01  3.12869579e-01  3.32210153e-01
  3.51785272e-01  3.71491283e-01  3.91210586e-01  4.10812169e-01  4.30153817e-01
  4.49085623e-01  4.67454970e-01  4.85112011e-01  5.01915038e-01  5.17734349e-01
  5.32454669e-01  5.45975745e-01  5.58211982e-01  5.69092631e-01  5.78562617e-01
  2.44253084e-01  2.39286885e-01  2.32016534e-01  2.24111229e-01  2.16319188e-01
  2.08618566e-01  2.00988352e-01  1.93406597e-01  1.85852662e-01  1.78308368e-01
  1.70758441e-01  1.63191825e-01  1.55606315e-01  1.48022309e-01  1.40890852e-01
  1.34208128e-01  1.27986893e-01  1.22248031e-01  1.17017470e-01  1.12324893e-01
  1.08203113e-01  1.04687601e-01  1.01815931e-01  9.96270850e-02  9.81606767e-02
  9.74561870e-02  9.75524485e-02  9.84881520e-02  1.00303531e-01  1.03040308e-01
  1.06739856e-01  1.11440286e-01  1.17175221e-01  1.23986341e-01  1.31909102e-01
  1.40922993e-01  1.51132464e-01  1.62765846e-01  1.75024495e-01  1.88057512e-01
  2.01822251e-01  2.16307148e-01  2.31489122e-01  2.47341514e-01  2.63831973e-01
  2.80922025e-01  2.98565924e-01  3.16708505e-01  3.35282415e-01  3.54204983e-01
  3.73374939e-01  3.92669141e-01  4.11940336e-01  4.31017101e-01  4.49706614e-01
  4.67802078e-01  4.85094637e-01  5.01388073e-01  5.16513407e-01  5.30340731e-01
  5.42785525e-01  5.53809166e-01  5.63414216e-01  5.71635008e-01  5.78526676e-01
  2.35472023e-01  2.30497643e-01  2.23621786e-01  2.16296747e-01  2.09301025e-01
  2.02563852e-01  1.96013704e-01  1.89591214e-01  1.83251128e-01  1.76960245e-01
  1.70693770e-01  1.64431050e-01  1.58149898e-01  1.51815772e-01  1.45875335e-01
  1.40365884e-01  1.35315403e-01  1.30748287e-01  1.26689047e-01  1.23164289e-01
  1.20203376e-01  1.17838539e-01  1.16104543e-01  1.15037866e-01  1.14675447e-01
  1.15052640e-01  1.16200790e-01  1.18147239e-01  1.20929666e-01  1.24596357e-01
  1.29200801e-01  1.34786397e-01  1.41342312e-01  1.48970470e-01  1.57887027e-01
  1.67385012e-01  1.77643344e-01  1.88732341e-01  2.00584665e-01  2.13183343e-01
  2.26511598e-01  2.40556017e-01  2.55302578e-01  2.70735204e-01  2.86834240e-01
  3.03574920e-01  3.20924997e-01  3.38842183e-01  3.57269913e-01  3.76132488e-01
  3.95328730e-01  4.14724559e-01  4.34145153e-01  4.53368843e-01  4.72125858e-01
  4.90108430e-01  5.06995142e-01  5.22487581e-01  5.36347449e-01  5.48422933e-01
  5.58660746e-01  5.67104757e-01  5.73882699e-01  5.79179287e-01  5.83200097e-01
  2.24573985e-01  2.19472736e-01  2.13018641e-01  2.06557065e-01  2.00697333e-01
  1.95228919e-01  1.90001041e-01  1.84918895e-01  1.79925740e-01  1.74988806e-01
  1.70089841e-01  1.65219128e-01  1.60371915e-01  1.55547142e-01  1.50751725e-01
  1.46412492e-01  1.42550901e-01  1.39180392e-01  1.36316508e-01  1.33979440e-01
  1.32194310e-01  1.30990848e-01  1.30403280e-01  1.30469859e-01  1.31231785e-01
  1.32728666e-01  1.34984344e-01  1.37964755e-01  1.41705617e-01  1.46282703e-01
  1.51817292e-01  1.58515140e-01  1.65733173e-01  1.73638791e-01  1.82303593e-01
  1.91679582e-01  2.01771244e-01  2.12587073e-01  2.24122420e-01  2.36373723e-01
  2.49338672e-01  2.63016373e-01  2.77406633e-01  2.92509258e-01  3.08322757e-01
  3.24843049e-01  3.42061341e-01  3.59961122e-01  3.78513843e-01  3.97672236e-01
  4.17361259e-01  4.37464356e-01  4.57804650e-01  4.78119820e-01  4.98034656e-01
  5.17049313e-01  5.34582198e-01  5.50083995e-01  5.63153744e-01  5.73585331e-01
  5.81365585e-01  5.86668611e-01  5.89848220e-01  5.91387987e-01  5.91783881e-01
  2.09749967e-01  2.04034001e-01  1.98605850e-01  1.94127545e-01  1.90259486e-01
  1.86609477e-01  1.83041185e-01  1.79502904e-01  1.75977975e-01  1.72466502e-01
  1.68977395e-01  1.65524334e-01  1.62123770e-01  1.58793494e-01  1.55550554e-01
  1.52404577e-01  1.49789989e-01  1.47672474e-01  1.46049201e-01  1.44932896e-01
  1.44345105e-01  1.44313946e-01  1.44874379e-01  1.46071032e-01  1.47965252e-01
  1.50651217e-01  1.54293016e-01  1.58343881e-01  1.62947521e-01  1.68192223e-01
  1.74135268e-01  1.80796921e-01  1.88111633e-01  1.96074069e-01  2.04689965e-01
  2.13958412e-01  2.23883227e-01  2.34471247e-01  2.45730072e-01  2.57668972e-01
  2.70299524e-01  2.83635706e-01  2.97694296e-01  3.12494427e-01  3.28057736e-01
  3.44407588e-01  3.61568451e-01  3.79564196e-01  3.98415208e-01  4.18133646e-01
  4.38714862e-01  4.60123420e-01  4.82268393e-01  5.04958451e-01  5.27810156e-01
  5.50046206e-01  5.70283115e-01  5.87153196e-01  6.00029051e-01  6.08742237e-01
  6.13344908e-01  6.14111423e-01  6.11717463e-01  6.07487202e-01  6.02814853e-01
  1.89275324e-01  1.81315660e-01  1.80047184e-01  1.79929063e-01  1.78920686e-01
  1.77444100e-01  1.75681248e-01  1.73735142e-01  1.71677247e-01  1.69563830e-01
  1.67442933e-01  1.65358245e-01  1.63351893e-01  1.61467642e-01  1.59755737e-01
  1.58281893e-01  1.57147095e-01  1.56406552e-01  1.56097084e-01  1.56248108e-01
  1.56886354e-01  1.58037871e-01  1.59729078e-01  1.61987171e-01  1.64838970e-01
  1.68306276e-01  1.72390506e-01  1.77028105e-01  1.82213187e-01  1.87957317e-01
  1.94272742e-01  2.01163828e-01  2.08624288e-01  2.16652364e-01  2.25250900e-01
  2.34425768e-01  2.44186461e-01  2.54546165e-01  2.65521586e-01  2.77133107e-01
  2.89405107e-01  3.02366406e-01  3.16050857e-01  3.30497891e-01  3.45753521e-01
  3.61871481e-01  3.78914446e-01  3.96955550e-01  4.16079760e-01  4.36384797e-01
  4.57980901e-01  4.80988294e-01  5.05532146e-01  5.31736910e-01  5.59738159e-01
  5.89815557e-01  6.16895139e-01  6.36249244e-01  6.49016023e-01  6.55797601e-01
  6.56086028e-01  6.50384486e-01  6.37949049e-01  6.23412490e-01  6.12547815e-01
  1.75019711e-01  1.66305095e-01  1.66251913e-01  1.68036610e-01  1.68877691e-01
  1.69046447e-01  1.68753773e-01  1.68155983e-01  1.67371064e-01  1.66491359e-01
  1.65592089e-01  1.64737076e-01  1.63983002e-01  1.63382903e-01  1.62988991e-01
  1.62854686e-01  1.63033947e-01  1.63571909e-01  1.64504930e-01  1.65862441e-01
  1.67668715e-01  1.69943973e-01  1.72705054e-01  1.75965294e-01  1.79733679e-01
  1.84013039e-01  1.88797489e-01  1.94071993e-01  1.99826211e-01  2.06054717e-01
  2.12754712e-01  2.19924301e-01  2.27562308e-01  2.35670581e-01  2.44255081e-01
  2.53326327e-01  2.62899697e-01  2.72995532e-01  2.83639282e-01  2.94861495e-01
  3.06698143e-01  3.19191247e-01  3.32389474e-01  3.46349686e-01  3.61138701e-01
  3.76836002e-01  3.93537521e-01  4.11360621e-01  4.30451155e-01  4.50992495e-01
  4.73217189e-01  4.97420877e-01  5.23976445e-01  5.53345859e-01  5.86091042e-01
  6.20587349e-01  6.47436440e-01  6.66379988e-01  6.77806258e-01  6.81424201e-01
  6.77500904e-01  6.65043414e-01  6.45514071e-01  6.28676176e-01  6.15183175e-01
  1.65922761e-01  1.56870082e-01  1.57191932e-01  1.59536555e-01  1.61149472e-01
  1.62188664e-01  1.62804559e-01  1.63134396e-01  1.63296133e-01  1.63388327e-01
  1.63492814e-01  1.63678154e-01  1.64003164e-01  1.64519727e-01  1.65274978e-01
  1.66312352e-01  1.67671472e-01  1.69386730e-01  1.71486735e-01  1.73994303e-01
  1.76926762e-01  1.80296302e-01  1.84110075e-01  1.88370407e-01  1.93074629e-01
  1.98215127e-01  2.03779712e-01  2.09752962e-01  2.16119274e-01  2.22864687e-01
  2.29977846e-01  2.37450778e-01  2.45279759e-01  2.53466427e-01  2.62018621e-01
  2.70950705e-01  2.80283839e-01  2.90045738e-01  3.00270468e-01  3.10998112e-01
  3.22274894e-01  3.34153295e-01  3.46692830e-01  3.59961569e-01  3.74038309e-01
  3.89016092e-01  4.05007243e-01  4.22150552e-01  4.40622121e-01  4.60651070e-01
  4.82543170e-01  5.06716192e-01  5.33749521e-01  5.64430892e-01  5.99494457e-01
  6.30576253e-01  6.54316545e-01  6.70635641e-01  6.79290950e-01  6.80276394e-01
  6.72507465e-01  6.55546129e-01  6.37099028e-01  6.21700406e-01  6.08795941e-01
  1.60959378e-01  1.51692107e-01  1.51497155e-01  1.53818861e-01  1.55571625e-01
  1.56876609e-01  1.57874435e-01  1.58694729e-01  1.59448206e-01  1.60225555e-01
  1.61099851e-01  1.62130475e-01  1.63366944e-01  1.64851934e-01  1.66623190e-01
  1.68714479e-01  1.71155646e-01  1.73972100e-01  1.77184209e-01  1.80806801e-01
  1.84848860e-01  1.89313427e-01  1.94197506e-01  1.99492276e-01  2.05183253e-01
  2.11250871e-01  2.17671424e-01  2.24418417e-01  2.31464595e-01  2.38784045e-01
  2.46354252e-01  2.54158139e-01  2.62185842e-01  2.70436257e-01  2.78917789e-01
  2.87648886e-01  2.96657324e-01  3.05979639e-01  3.15659821e-01  3.25748175e-01
  3.36300552e-01  3.47377598e-01  3.59045267e-01  3.71375412e-01  3.84447634e-01
  3.98352176e-01  4.13193941e-01  4.29098725e-01  4.46222037e-01  4.64762628e-01
  4.84984279e-01  5.07253408e-01  5.32110095e-01  5.60418069e-01  5.90724111e-01
  6.16162241e-01  6.35484517e-01  6.48469687e-01  6.54994488e-01  6.54090643e-01
  6.45432353e-01  6.30858243e-01  6.17392063e-01  6.05459809e-01  5.94935536e-01
  1.58605352e-01  1.48942322e-01  1.48546219e-01  1.50401786e-01  1.51723877e-01
  1.52734414e-01  1.53621256e-01  1.54527426e-01  1.55553430e-01  1.56767443e-01
  1.58216327e-01  1.59934700e-01  1.61951080e-01  1.64291486e-01  1.66980848e-01
  1.70043007e-01  1.73499733e-01  1.77369401e-01  1.81665570e-01  1.86395794e-01
  1.91560909e-01  1.97154477e-01  2.03162625e-01  2.09564164e-01  2.16330782e-01
  2.23427579e-01  2.30814099e-01  2.38445789e-01  2.46276274e-01  2.54260272e-01
  2.62357086e-01  2.70534217e-01  2.78770775e-01  2.87060022e-01  2.95410812e-01
  3.03847462e-01  3.12408388e-01  3.21143627e-01  3.30111742e-01  3.39376986e-01
  3.49006802e-01  3.59069914e-01  3.69635701e-01  3.80774021e-01  3.92556012e-01
  4.05055314e-01  4.18349802e-01  4.32523608e-01  4.47668999e-01  4.63887870e-01
  4.81291026e-01  4.99992371e-01  5.20088375e-01  5.41593015e-01  5.63596129e-01
  5.82536161e-01  5.97222745e-01  6.07362628e-01  6.12649620e-01  6.12739325e-01
  6.07498527e-01  5.99669278e-01  5.91639817e-01  5.83787084e-01  5.76305091e-01
  1.60042599e-01  1.49939895e-01  1.48519799e-01  1.49009585e-01  1.49029851e-01
  1.49042636e-01  1.49315536e-01  1.49974480e-01  1.51060760e-01  1.52574748e-01
  1.54503122e-01  1.56833529e-01  1.59561470e-01  1.62691846e-01  1.66237622e-01
  1.70216531e-01  1.74647361e-01  1.79546297e-01  1.84923887e-01  1.90782890e-01
  1.97117090e-01  2.03910679e-01  2.11138278e-01  2.18765035e-01  2.26746708e-01
  2.35029742e-01  2.43551508e-01  2.52241492e-01  2.61023760e-01  2.69821227e-01
  2.78561831e-01  2.87185669e-01  2.95651823e-01  3.03943723e-01  3.12071800e-01
  3.20072651e-01  3.28005314e-01  3.35945159e-01  3.43976825e-01  3.52187783e-01
  3.60663235e-01  3.69482815e-01  3.78719121e-01  3.88437212e-01  3.98694932e-01
  4.09543097e-01  4.21025395e-01  4.33176845e-01  4.46020484e-01  4.59559917e-01
  4.73765045e-01  4.88544822e-01  5.03696978e-01  5.18823802e-01  5.33254862e-01
  5.46148360e-01  5.56779921e-01  5.64683318e-01  5.69631338e-01  5.71642280e-01
  5.71054459e-01  5.68525791e-01  5.64782679e-01  5.60375750e-01  5.55661678e-01
  1.67507172e-01  1.57581463e-01  1.52426392e-01  1.48953199e-01  1.46066546e-01
  1.44239455e-01  1.43574178e-01  1.43938392e-01  1.45155594e-01  1.47069141e-01
  1.49559468e-01  1.52548015e-01  1.55994788e-01  1.59891650e-01  1.64252818e-01
  1.69104591e-01  1.74476177e-01  1.80392116e-01  1.86867058e-01  1.93902597e-01
  2.01486290e-01  2.09592149e-01  2.18181983e-01  2.27206543e-01  2.36605480e-01
  2.46305779e-01  2.56219447e-01  2.66241491e-01  2.76250988e-01  2.86116838e-01
  2.95709252e-01  3.04915398e-01  3.13655317e-01  3.21894318e-01  3.29648614e-01
  3.36983293e-01  3.44002485e-01  3.50834131e-01  3.57613564e-01  3.64469588e-01
  3.71515900e-01  3.78847420e-01  3.86539996e-01  3.94651949e-01  4.03225601e-01
  4.12288547e-01  4.21853483e-01  4.31916386e-01  4.42452759e-01  4.53410476e-01
  4.64699566e-01  4.76177663e-01  4.87634003e-01  4.98778939e-01  5.09253621e-01
  5.18671870e-01  5.26683748e-01  5.33031285e-01  5.37581980e-01  5.40343821e-01
  5.41463256e-01  5.41194856e-01  5.39843321e-01  5.37703454e-01  5.35024524e-01
  1.75875247e-01  1.65667489e-01  1.56019777e-01  1.46685779e-01  1.38241529e-01
  1.34981066e-01  1.34168312e-01  1.35003000e-01  1.36986554e-01  1.39775872e-01
  1.43141225e-01  1.46951780e-01  1.51161924e-01  1.55789405e-01  1.60889581e-01
  1.66531831e-01  1.72782198e-01  1.79691598e-01  1.87288612e-01  1.95575938e-01
  2.04530984e-01  2.14110464e-01  2.24257484e-01  2.34907553e-01  2.45989874e-01
  2.57422149e-01  2.69099802e-01  2.80882716e-01  2.92585224e-01  3.03979069e-01
  3.14816535e-01  3.24871004e-01  3.33978683e-01  3.42067719e-01  3.49170893e-01
  3.55421722e-01  3.61030728e-01  3.66244197e-01  3.71299595e-01  3.76396090e-01
  3.81685048e-01  3.87273580e-01  3.93232942e-01  3.99606556e-01  4.06415999e-01
  4.13664609e-01  4.21338975e-01  4.29408431e-01  4.37823087e-01  4.46510434e-01
  4.55371022e-01  4.64274555e-01  4.73057777e-01  4.81527597e-01  4.89471674e-01
  4.96677011e-01  5.02953827e-01  5.08157909e-01  5.12207568e-01  5.15091121e-01
  5.16864061e-01  5.17636240e-01  5.17551601e-01  5.16766191e-01  5.15430212e-01
  1.81183547e-01  1.69857785e-01  1.57616764e-01  1.43859893e-01  1.28756866e-01
  1.20087653e-01  1.19271599e-01  1.22340538e-01  1.26340419e-01  1.30856276e-01
  1.35574654e-01  1.40360534e-01  1.45255998e-01  1.50411740e-01  1.56012833e-01
  1.62232190e-01  1.69210464e-01  1.77047819e-01  1.85797930e-01  1.95461512e-01
  2.05985740e-01  2.17278302e-01  2.29236379e-01  2.41773635e-01  2.54828334e-01
  2.68350333e-01  2.82271951e-01  2.96464056e-01  3.10678482e-01  3.24502170e-01
  3.37397963e-01  3.48857939e-01  3.58536810e-01  3.66289198e-01  3.72177213e-01
  3.76489073e-01  3.79716128e-01  3.82412076e-01  3.85023534e-01  3.87836426e-01
  3.91011298e-01  3.94629568e-01  3.98725837e-01  4.03306246e-01  4.08358335e-01
  4.13855791e-01  4.19760108e-01  4.26020890e-01  4.32574630e-01  4.39343721e-01
  4.46235031e-01  4.53139812e-01  4.59934950e-01  4.66486812e-01  4.72657979e-01
  4.78316545e-01  4.83346552e-01  4.87658054e-01  4.91194636e-01  4.93936837e-01
  4.95901465e-01  4.97136176e-01  4.97711331e-01  4.97710556e-01  4.97221828e-01
  1.87130988e-01  1.75649926e-01  1.62800252e-01  1.47848561e-01  1.30222797e-01
  1.16781533e-01  1.09525569e-01  1.08722776e-01  1.14415832e-01  1.21912204e-01
  1.28439724e-01  1.33918941e-01  1.38858080e-01  1.43846959e-01  1.49349064e-01
  1.55685097e-01  1.63081184e-01  1.71702042e-01  1.81653440e-01  1.92950279e-01
  2.05460653e-01  2.18907684e-01  2.33017951e-01  2.47660488e-01  2.62842119e-01
  2.78649718e-01  2.95200646e-01  3.12591136e-01  3.30781937e-01  3.49179983e-01
  3.66052300e-01  3.80035579e-01  3.90674472e-01  3.97793621e-01  4.01356936e-01
  4.01681989e-01  4.00205970e-01  3.98759812e-01  3.97997856e-01  3.98041457e-01
  3.98874909e-01  4.00444925e-01  4.02689606e-01  4.05546904e-01  4.08955753e-01
  4.12854850e-01  4.17181045e-01  4.21867400e-01  4.26841766e-01  4.32025820e-01
  4.37334448e-01  4.42676276e-01  4.47955012e-01  4.53072160e-01  4.57930773e-01
  4.62440431e-01  4.66522098e-01  4.70112920e-01  4.73169774e-01  4.75670874e-01
  4.77615625e-01  4.79022384e-01  4.79924828e-01  4.80367392e-01  4.80400831e-01
  1.94991514e-01  1.84664190e-01  1.73319325e-01  1.60749465e-01  1.46941885e-01
  1.32224768e-01  1.19142242e-01  1.12154216e-01  1.11968212e-01  1.19157612e-01
  1.26049966e-01  1.29831508e-01  1.32401749e-01  1.35655910e-01  1.40058637e-01
  1.45822152e-01  1.53133810e-01  1.62206814e-01  1.73299804e-01  1.86706394e-01
  2.02547699e-01  2.19392836e-01  2.36057281e-01  2.52702385e-01  2.69660652e-01
  2.87307441e-01  3.06075573e-01  3.26512605e-01  3.49406183e-01  3.75895441e-01
  3.98809046e-01  4.15858537e-01  4.27780122e-01  4.34145302e-01  4.34733182e-01
  4.28697169e-01  4.18702304e-01  4.12186414e-01  4.07976955e-01  4.05438125e-01
  4.04185355e-01  4.03967500e-01  4.04610366e-01  4.05984730e-01  4.07987148e-01
  4.10528481e-01  4.13527191e-01  4.16905254e-01  4.20585692e-01  4.24491197e-01
  4.28543568e-01  4.32663769e-01  4.36772913e-01  4.40793544e-01  4.44651961e-01
  4.48280543e-01  4.51620191e-01  4.54622835e-01  4.57252890e-01  4.59488302e-01
  4.61320370e-01  4.62752759e-01  4.63799655e-01  4.64483619e-01  4.64833081e-01
  2.04448611e-01  1.96147576e-01  1.87135309e-01  1.77341208e-01  1.66887715e-01
  1.56083241e-01  1.45366326e-01  1.35238871e-01  1.29143864e-01  1.31651714e-01
  1.34695455e-01  1.34161234e-01  1.32474765e-01  1.33371606e-01  1.36325836e-01
  1.41182005e-01  1.48012608e-01  1.57014117e-01  1.68538630e-01  1.83259189e-01
  2.02418327e-01  2.22255230e-01  2.40335017e-01  2.57743031e-01  2.75190949e-01
  2.93248564e-01  3.12487483e-01  3.33596736e-01  3.57514679e-01  3.85290742e-01
  4.09449577e-01  4.27254558e-01  4.39363837e-01  4.45522219e-01  4.45292443e-01
  4.37684804e-01  4.25942153e-01  4.17789251e-01  4.12173569e-01  4.08358902e-01
  4.05897230e-01  4.04513001e-01  4.04024661e-01  4.04299200e-01  4.05228227e-01
  4.06716973e-01  4.08678889e-01  4.11032975e-01  4.13702250e-01  4.16612566e-01
  4.19692159e-01  4.22871500e-01  4.26083654e-01  4.29264963e-01  4.32356060e-01
  4.35303092e-01  4.38058972e-01  4.40584451e-01  4.42848951e-01  4.44831073e-01
  4.46518302e-01  4.47906703e-01  4.48999941e-01  4.49807942e-01  4.50345606e-01
  8.76410663e-01  8.90931427e-01  9.01814878e-01  9.14437413e-01  9.27659452e-01
  9.41341043e-01  9.57183242e-01  9.70302701e-01  9.85963404e-01  1.00069726e+00
  1.01657987e+00  1.03319919e+00  1.05028093e+00  1.06758308e+00  1.08572721e+00
  1.10463119e+00  1.12389946e+00  1.14381099e+00  1.16457140e+00  1.18598104e+00
  1.20805967e+00  1.23086751e+00  1.25453913e+00  1.27906334e+00  1.30437887e+00
  1.33058059e+00  1.35781550e+00  1.38599789e+00  1.41523814e+00  1.44551229e+00
  1.47698140e+00  1.50964320e+00  1.54354405e+00  1.57883227e+00  1.61538470e+00
  1.65357268e+00  1.69322538e+00  1.73460865e+00  1.77762377e+00  1.82258892e+00
  1.86953604e+00  1.91849375e+00  1.96974730e+00  2.02333045e+00  2.07958555e+00
  2.13842535e+00  2.20040536e+00  2.26551843e+00  2.33412290e+00  2.40650153e+00
  2.48299170e+00  2.56420374e+00  2.65020013e+00  2.74240112e+00  2.84090495e+00
  2.94685912e+00  3.06233716e+00  3.18850064e+00  3.32753944e+00  3.48248577e+00
  3.65928769e+00  3.86725473e+00  4.12267256e+00  4.48625135e+00  5.90014219e+00
   92  117
  1.05936456e+00 -1.00000001e-01  1.05616045e+00  0.00000000e+00  1.05779147e+00
  1.00000001e-01  1.06473100e+00  2.00000003e-01  1.07667947e+00  3.00000012e-01
  1.08434951e+00  3.49999994e-01  1.10017061e+00  4.49999988e-01  1.10853624e+00
  5.00000000e-01  1.12386167e+00  6.00000024e-01  1.13218749e+00  6.55607522e-01
  1.14743543e+00  7.50000000e-01  1.15875006e+00  8.15189004e-01  1.17865098e+00
  8.99999976e-01  1.19718206e+00  9.49999988e-01  1.22999668e+00  1.00000000e+00
  1.26499999e+00  1.02456331e+00  1.31812501e+00  1.03660023e+00  1.37125003e+00
  1.03611755e+00  1.42437506e+00  1.02871108e+00  1.47749996e+00  1.01611686e+00
  1.52414274e+00  1.00000000e+00  1.55718756e+00  9.87880766e-01  1.61031246e+00
  9.66252267e-01  1.64316869e+00  9.49999988e-01  1.69000006e+00  9.24726427e-01
  1.72977090e+00  8.99999976e-01  1.76968753e+00  8.73583436e-01  1.80143726e+00
  8.50000024e-01  1.84937501e+00  8.10919821e-01  1.87593746e+00  7.86681712e-01
  1.91367507e+00  7.50000000e-01  1.95562506e+00  7.05633402e-01  1.98218751e+00
  6.73939884e-01  2.00874996e+00  6.39745951e-01  2.03786159e+00  6.00000024e-01
  2.06972718e+00  5.50000012e-01  2.09808040e+00  5.00000000e-01  2.12354732e+00
  4.49999988e-01  2.14655304e+00  4.00000006e-01  2.16812491e+00  3.46945733e-01
  2.19468760e+00  2.77019918e-01  2.21970820e+00  2.00000003e-01  2.23365569e+00
  1.50000006e-01  2.24781251e+00  8.05238858e-02  2.25734663e+00  0.00000000e+00
  2.25531673e+00 -1.00000001e-01  2.24781251e+00 -1.57584146e-01  2.22859573e+00
 -2.50000000e-01  2.21519303e+00 -3.00000012e-01  2.19468760e+00 -3.70180756e-01
  2.16812491e+00 -4.48347747e-01  2.14914441e+00 -5.00000000e-01  2.12798142e+00
 -5.50000012e-01  2.10410261e+00 -6.00000024e-01  2.07715368e+00 -6.49999976e-01
  2.04680562e+00 -6.99999988e-01  2.01274753e+00 -7.50000000e-01  1.98218751e+00
 -7.89483607e-01  1.95562506e+00 -8.22226226e-01  1.92906249e+00 -8.52884531e-01
  1.88335180e+00 -8.99999976e-01  1.84937501e+00 -9.32159066e-01  1.82281256e+00
 -9.55662131e-01  1.76968753e+00 -9.96611834e-01  1.74312496e+00 -1.01628757e+00
  1.69155538e+00 -1.04999995e+00  1.66343749e+00 -1.06647062e+00  1.61031246e+00
 -1.09407997e+00  1.58375001e+00 -1.10805142e+00  1.53062499e+00 -1.13261640e+00
  1.49187958e+00 -1.14999998e+00  1.45093751e+00 -1.16927516e+00  1.39781249e+00
 -1.19219649e+00  1.37125003e+00 -1.20548439e+00  1.31812501e+00 -1.23008561e+00
  1.26816785e+00 -1.24802363e+00  1.24477315e+00 -1.25521767e+00  1.21726620e+00
 -1.14999998e+00  1.20562196e+00 -1.10000002e+00  1.18531251e+00 -1.00288427e+00
  1.17558026e+00 -9.49999988e-01  1.15875006e+00 -8.58680546e-01  1.14909017e+00
 -8.00000012e-01  1.13377011e+00 -6.99999988e-01  1.12599039e+00 -6.49999976e-01
  1.11170268e+00 -5.50000012e-01  1.10423911e+00 -5.00000000e-01  1.09027982e+00
 -4.00000006e-01  1.07906246e+00 -3.15692723e-01  1.07130337e+00 -2.50000000e-01
  1.06246841e+00 -1.50000006e-01  1.05936456e+00 -1.00000001e-01
  1.01600003e+00  0.00000000e+00  1.01600003e+00  9.63999987e-01  1.01600003e+00
  9.67999995e-01  1.01600003e+00  1.00100005e+00  1.01600003e+00  1.01900005e+00
  1.01600003e+00  1.07700002e+00  1.01600003e+00  1.07000005e+00  1.01600003e+00
  1.09599996e+00  1.01600003e+00  1.11300004e+00  1.01600003e+00  1.13800001e+00
  1.01600003e+00  1.14699996e+00  1.01199996e+00  1.16499996e+00  1.00100005e+00
  1.21700001e+00  1.02900004e+00  1.21700001e+00  1.04200006e+00  1.16240001e+00
  1.04600000e+00  1.16237998e+00  1.05599999e+00  1.16260004e+00  1.09700000e+00
  1.16450000e+00  1.10800004e+00  1.16594005e+00  1.11600006e+00  1.16591001e+00
  1.13399994e+00  1.16895998e+00  1.14800000e+00  1.17174995e+00  1.16199994e+00
  1.17556000e+00  1.18099999e+00  1.18299997e+00  1.18200004e+00  1.18350005e+00
  1.18499994e+00  1.18499994e+00  1.19000006e+00  1.18799996e+00  1.19500005e+00
  1.19099998e+00  1.20099998e+00  1.19599998e+00  1.20899999e+00  1.20200002e+00
  1.21500003e+00  1.20799994e+00  1.22200000e+00  1.21399999e+00  1.22800004e+00
  1.22099996e+00  1.23399997e+00  1.23099995e+00  1.23899996e+00  1.23800004e+00
  1.24199998e+00  1.24399996e+00  1.24800003e+00  1.25399995e+00  1.25800002e+00
  1.27800000e+00  1.26300001e+00  1.28999996e+00  1.27999997e+00  1.33099997e+00
  1.27999997e+00  1.34700000e+00  1.27999997e+00  1.34800005e+00  1.30999994e+00
  1.34800005e+00  1.32799995e+00  1.34800005e+00  1.36099994e+00  1.34800005e+00
  1.38000000e+00  1.34800005e+00  1.41900003e+00  1.34800005e+00  1.41900003e+00
  1.30999994e+00  1.37199998e+00  1.30999994e+00  1.37167001e+00  1.29237998e+00
  1.37003005e+00  1.28268003e+00  1.36688006e+00  1.25644004e+00  1.36719000e+00
  1.22955000e+00  1.37178004e+00  1.19576001e+00  1.37223995e+00  1.19402003e+00
  1.38662004e+00  1.16487002e+00  1.38707995e+00  1.16420996e+00  1.40382004e+00
  1.15696001e+00  1.41127002e+00  1.15730000e+00  1.41857004e+00  1.16131997e+00
  1.42100000e+00  1.16400003e+00  1.48662996e+00  1.24049997e+00  1.49730003e+00
  1.23458004e+00  1.49761999e+00  1.23427999e+00  1.49744999e+00  1.23174000e+00
  1.49275005e+00  1.21329999e+00  1.49259996e+00  1.21061003e+00  1.49260998e+00
  1.20485997e+00  1.49278998e+00  1.20213997e+00  1.49339998e+00  1.19641995e+00
  1.49469995e+00  1.18510997e+00  1.49621999e+00  1.16069996e+00  1.47981000e+00
  1.12425995e+00  1.48081994e+00  1.12256002e+00  1.48149002e+00  1.12137997e+00
  1.48645997e+00  1.11691999e+00  1.49094999e+00  1.11439002e+00  1.50304997e+00
  1.11243999e+00  1.59696996e+00  1.09489000e+00  1.62549996e+00  1.08529997e+00
  1.63751996e+00  1.07988000e+00  1.64699996e+00  1.07700002e+00  1.78499997e+00
  1.07700002e+00  2.06999993e+00  1.03999996e+00  2.12800002e+00  9.92999971e-01
  2.24499989e+00  7.08999991e-01  2.33956003e+00  4.61430013e-01  2.34707999e+00
  4.15829986e-01  2.34912992e+00  2.72179991e-01  2.35103011e+00  1.70179993e-01
  2.35157990e+00  7.01199993e-02  2.35124993e+00 -3.17899995e-02  2.35050988e+00
 -1.44350007e-01  2.34964991e+00 -2.14829996e-01  2.34870005e+00 -3.26689988e-01
  2.34759998e+00 -3.86770010e-01  2.34019995e+00 -4.53040004e-01  2.32942009e+00
 -4.77569997e-01  2.13400006e+00 -9.72999990e-01  1.78600001e+00 -1.17400002e+00
  1.76800001e+00 -1.21099997e+00  1.76800001e+00 -1.25000000e+00  1.68200004e+00
 -1.25000000e+00  1.37199998e+00 -1.25000000e+00  1.37199998e+00 -1.32900000e+00
  1.41999996e+00 -1.32900000e+00  1.41999996e+00 -1.36300004e+00  1.27300000e+00
 -1.36300004e+00  1.15300000e+00 -1.36300004e+00  1.01600003e+00 -1.22300005e+00
  1.01600003e+00 -1.22300005e+00  1.01600003e+00 -8.29999983e-01  1.01600003e+00
 -8.00000012e-01  1.01600003e+00 -4.14999992e-01  1.01600003e+00 -4.00000006e-01
  1.01600003e+00 -1.00000005e-03  1.01600003e+00  0.00000000e+00
    0 0.000000000e+00    0
  0.00000000e+00  8.58189166e-02  1.22030333e-01  1.50061652e-01  1.73931047e-01
  1.95203841e-01  2.13444918e-01  2.31635526e-01  2.48793915e-01  2.65107721e-01
  2.80611038e-01  2.95612752e-01  3.10152978e-01  3.24157029e-01  3.37855995e-01
  3.51310432e-01  3.64385188e-01  3.77269536e-01  3.89943451e-01  4.02465731e-01
  4.14780885e-01  4.27001119e-01  4.39088464e-01  4.51097399e-01  4.63001341e-01
  4.74824905e-01  4.86630172e-01  4.98344839e-01  5.10063589e-01  5.21732748e-01
  5.33411622e-01  5.45081496e-01  5.56743503e-01  5.68451107e-01  5.80148697e-01
  5.91916800e-01  6.03690267e-01  6.15548968e-01  6.27443433e-01  6.39416277e-01
  6.51466131e-01  6.63593590e-01  6.75827265e-01  6.88146234e-01  7.00601459e-01
  7.13151336e-01  7.25858033e-01  7.38700986e-01  7.51698256e-01  7.64853597e-01
  7.78188825e-01  7.91743338e-01  8.05465817e-01  8.19461465e-01  8.33677411e-01
  8.48149002e-01  8.62949848e-01  8.78069282e-01  8.93539727e-01  9.09414947e-01
  9.25789893e-01  9.42739367e-01  9.60419297e-01  9.79105771e-01  1.00000000e+00
    0
