   EFITD   03/25/2017    #176312  3000             3  65  65
  1.70000005e+00  3.20000005e+00  1.69550002e+00  8.39999974e-01  0.00000000e+00
  1.74551010e+00 -9.34044272e-02 -2.61695445e-01 -2.90248450e-02  1.99675882e+00
  9.87938500e+05 -2.61695445e-01  0.00000000e+00  1.74551010e+00  0.00000000e+00
 -9.34044272e-02  0.00000000e+00 -2.90248450e-02  0.00000000e+00  0.00000000e+00
  3.42011905e+00  3.41789675e+00  3.41576171e+00  3.41371274e+00  3.41174817e+00
  3.40986633e+00  3.40806580e+00  3.40634489e+00  3.40470195e+00  3.40313530e+00
  3.40164351e+00  3.40022492e+00  3.39887786e+00  3.39760089e+00  3.39639187e+00
  3.39524984e+00  3.39417243e+00  3.39315844e+00  3.39220619e+00  3.39131379e+00
  3.39047980e+00  3.38970232e+00  3.38897967e+00  3.38831019e+00  3.38769245e+00
  3.38712430e+00  3.38660455e+00  3.38613105e+00  3.38570213e+00  3.38531637e+00
  3.38497186e+00  3.38466692e+00  3.38439989e+00  3.38416886e+00  3.38397241e+00
  3.38380837e+00  3.38367558e+00  3.38357186e+00  3.38349557e+00  3.38344526e+00
  3.38341880e+00  3.38341475e+00  3.38343143e+00  3.38346672e+00  3.38351941e+00
  3.38358736e+00  3.38366890e+00  3.38376236e+00  3.38386631e+00  3.38397861e+00
  3.38409758e+00  3.38422155e+00  3.38434887e+00  3.38447785e+00  3.38460660e+00
  3.38473344e+00  3.38485646e+00  3.38497448e+00  3.38508511e+00  3.38518715e+00
  3.38527870e+00  3.38535786e+00  3.38542318e+00  3.38547254e+00  3.38550472e+00
  7.31787734e+04  7.17380703e+04  7.03068047e+04  6.88849844e+04  6.74725938e+04
  6.60696406e+04  6.46761250e+04  6.32920508e+04  6.19174141e+04  6.05522109e+04
  5.91964492e+04  5.78501211e+04  5.65132344e+04  5.51857812e+04  5.38677695e+04
  5.25591953e+04  5.12600547e+04  4.99703555e+04  4.86900938e+04  4.74192656e+04
  4.61578789e+04  4.49059297e+04  4.36634180e+04  4.24303398e+04  4.12067031e+04
  3.99925039e+04  3.87877422e+04  3.75924180e+04  3.64065273e+04  3.52300781e+04
  3.40630664e+04  3.29054922e+04  3.17573555e+04  3.06186562e+04  2.94893945e+04
  2.83695703e+04  2.72591816e+04  2.61582324e+04  2.50667207e+04  2.39846465e+04
  2.29120098e+04  2.18488125e+04  2.07950508e+04  1.97507266e+04  1.87158398e+04
  1.76903906e+04  1.66743789e+04  1.56678057e+04  1.46706699e+04  1.36829717e+04
  1.27047100e+04  1.17358867e+04  1.07765010e+04  9.82655273e+03  8.88604199e+03
  7.95496875e+03  7.03333301e+03  6.12113477e+03  5.21837451e+03  4.32505127e+03
  3.44116602e+03  2.56671826e+03  1.70170789e+03  8.46135193e+02  0.00000000e+00
 -2.13220239e+00 -2.04785800e+00 -1.96512294e+00 -1.88399720e+00 -1.80448103e+00
 -1.72657406e+00 -1.65027654e+00 -1.57558846e+00 -1.50250971e+00 -1.43104029e+00
 -1.36118031e+00 -1.29292977e+00 -1.22628856e+00 -1.16125667e+00 -1.09783423e+00
 -1.03602123e+00 -9.75817561e-01 -9.17223215e-01 -8.60238314e-01 -8.04862797e-01
 -7.51096666e-01 -6.98939860e-01 -6.48392498e-01 -5.99454522e-01 -5.52125871e-01
 -5.06406665e-01 -4.62296814e-01 -4.19796348e-01 -3.78905267e-01 -3.39623570e-01
 -3.01951259e-01 -2.65888333e-01 -2.31434777e-01 -1.98590606e-01 -1.67355821e-01
 -1.37730420e-01 -1.09714404e-01 -8.33077729e-02 -5.85105196e-02 -3.53226513e-02
 -1.37441689e-02  6.22493261e-03  2.45846510e-02  4.13349867e-02  5.64759374e-02
  7.00075030e-02  8.19296911e-02  9.22424942e-02  1.00945912e-01  1.08039945e-01
  1.13524601e-01  1.17399871e-01  1.19665757e-01  1.20322265e-01  1.19369380e-01
  1.16807118e-01  1.12635471e-01  1.06854446e-01  9.94640365e-02  9.04642344e-02
  7.98550621e-02  6.76364973e-02  5.38085513e-02  3.83712240e-02  2.13245135e-02
 -3.97587406e+05 -3.94991438e+05 -3.92395469e+05 -3.89799531e+05 -3.87203562e+05
 -3.84607594e+05 -3.82011625e+05 -3.79415688e+05 -3.76819719e+05 -3.74223750e+05
 -3.71627781e+05 -3.69031844e+05 -3.66435875e+05 -3.63839906e+05 -3.61243938e+05
 -3.58647969e+05 -3.56052031e+05 -3.53456062e+05 -3.50860094e+05 -3.48264125e+05
 -3.45668188e+05 -3.43072219e+05 -3.40476250e+05 -3.37880281e+05 -3.35284344e+05
 -3.32688375e+05 -3.30092406e+05 -3.27496438e+05 -3.24900500e+05 -3.22304531e+05
 -3.19708562e+05 -3.17112594e+05 -3.14516656e+05 -3.11920688e+05 -3.09324719e+05
 -3.06728750e+05 -3.04132781e+05 -3.01536844e+05 -2.98940875e+05 -2.96344906e+05
 -2.93748938e+05 -2.91153000e+05 -2.88557031e+05 -2.85961062e+05 -2.83365094e+05
 -2.80769156e+05 -2.78173188e+05 -2.75577219e+05 -2.72981250e+05 -2.70385312e+05
 -2.67789344e+05 -2.65193375e+05 -2.62597406e+05 -2.60001453e+05 -2.57405484e+05
 -2.54809531e+05 -2.52213562e+05 -2.49617609e+05 -2.47021641e+05 -2.44425688e+05
 -2.41829719e+05 -2.39233766e+05 -2.36637797e+05 -2.34041844e+05 -2.31445875e+05
 -1.16498880e-02 -1.40168583e-02 -1.64733622e-02 -1.89369228e-02 -2.12401878e-02
 -2.31108721e-02 -2.41652299e-02 -2.39171870e-02 -1.92512646e-02 -6.79847784e-03
  7.90970959e-03  2.36584675e-02  3.91527563e-02  5.12936600e-02  6.08806685e-02
  6.82815909e-02  7.36233070e-02  7.68865943e-02  7.78690651e-02  7.60752037e-02
  7.05027431e-02  6.45048395e-02  6.06423654e-02  5.80876581e-02  5.63980304e-02
  5.53218201e-02  5.46999462e-02  5.44186346e-02  5.43826185e-02  5.45045100e-02
  5.50619029e-02  5.61317839e-02  5.76615520e-02  5.96519895e-02  6.20982908e-02
  6.50212169e-02  6.82903677e-02  7.15776831e-02  7.49233514e-02  7.83506557e-02
  8.18721205e-02  8.54930654e-02  8.92132074e-02  9.30275097e-02  9.69268158e-02
  1.00898311e-01  1.04925901e-01  1.08990587e-01  1.13070674e-01  1.17142111e-01
  1.21178858e-01  1.25153378e-01  1.29037291e-01  1.32802069e-01  1.36419967e-01
  1.39864922e-01  1.43113509e-01  1.46145821e-01  1.48946196e-01  1.51503652e-01
  1.53812230e-01  1.55870870e-01  1.57683164e-01  1.59256771e-01  1.60602808e-01
 -1.68194845e-02 -2.03287080e-02 -2.43050028e-02 -2.88149640e-02 -3.37824076e-02
 -3.88862155e-02 -4.19199988e-02 -3.97163033e-02 -3.14975865e-02 -1.69036537e-02
 -1.61586655e-03  1.27905272e-02  2.60069240e-02  3.71207558e-02  4.61898372e-02
  5.33592328e-02  5.87065965e-02  6.22318164e-02  6.38624132e-02  6.34798929e-02
  6.11165650e-02  5.81324175e-02  5.57630770e-02  5.40516041e-02  5.28943688e-02
  5.21886311e-02  5.18479571e-02  5.17978631e-02  5.19664325e-02  5.22832759e-02
  5.30220233e-02  5.42694256e-02  5.59832752e-02  5.81598356e-02  6.08044155e-02
  6.39461130e-02  6.74486235e-02  7.10026100e-02  7.46458620e-02  7.84007534e-02
  8.22783634e-02  8.62825364e-02  9.04117376e-02  9.46598649e-02  9.90166888e-02
  1.03468001e-01  1.07995696e-01  1.12577803e-01  1.17188580e-01  1.21798672e-01
  1.26375422e-01  1.30883425e-01  1.35285363e-01  1.39543056e-01  1.43618792e-01
  1.47476897e-01  1.51085317e-01  1.54417038e-01  1.57451451e-01  1.60175100e-01
  1.62582144e-01  1.64674148e-01  1.66459486e-01  1.67952344e-01  1.69171423e-01
 -2.10530162e-02 -2.53777355e-02 -3.05421352e-02 -3.70617770e-02 -4.51228730e-02
 -4.94913682e-02 -4.89302278e-02 -4.32175063e-02 -3.21930051e-02 -1.97663680e-02
 -7.82490987e-03  3.28297238e-03  1.33949379e-02  2.23408286e-02  3.00052650e-02
  3.63418087e-02  4.13438343e-02  4.50275131e-02  4.74397503e-02  4.86941189e-02
  4.90260758e-02  4.87972796e-02  4.83702421e-02  4.79853824e-02  4.77626808e-02
  4.77507114e-02  4.79629114e-02  4.83973213e-02  4.90486063e-02  4.99312691e-02
  5.11400066e-02  5.27366400e-02  5.47296554e-02  5.71207441e-02  5.99100962e-02
  6.30883574e-02  6.65782169e-02  7.02724233e-02  7.41472170e-02  7.81985596e-02
  8.24245140e-02  8.68219882e-02  9.13855582e-02  9.61067826e-02  1.00973703e-01
  1.05970390e-01  1.11076482e-01  1.16266750e-01  1.21510759e-01  1.26772657e-01
  1.32011235e-01  1.37180343e-01  1.42229795e-01  1.47106946e-01  1.51758686e-01
  1.56134069e-01  1.60187021e-01  1.63879171e-01  1.67182043e-01  1.70078680e-01
  1.72564209e-01  1.74645454e-01  1.76339611e-01  1.77672192e-01  1.78674668e-01
 -2.38921214e-02 -2.82036830e-02 -3.31105664e-02 -3.90450135e-02 -4.56222370e-02
 -4.69856970e-02 -4.24950756e-02 -3.51931341e-02 -2.71025058e-02 -1.86200067e-02
 -1.01154950e-02 -1.89177389e-03  5.82364853e-03  1.28642302e-02  1.91143155e-02
  2.45040469e-02  2.90044304e-02  3.26242633e-02  3.54114547e-02  3.74572910e-02
  3.88968177e-02  3.98961678e-02  4.06259485e-02  4.12345007e-02  4.18350883e-02
  4.25074585e-02  4.33063731e-02  4.42713872e-02  4.54359092e-02  4.68344390e-02
  4.85037267e-02  5.04757576e-02  5.27718402e-02  5.54024205e-02  5.83676770e-02
  6.16562515e-02  6.52454868e-02  6.91090226e-02  7.32262060e-02  7.75839090e-02
  8.21735337e-02  8.69880915e-02  9.20201764e-02  9.72605422e-02  1.02696963e-01
  1.08313225e-01  1.14088103e-01  1.19994298e-01  1.25997350e-01  1.32054731e-01
  1.38115138e-01  1.44118354e-01  1.49995968e-01  1.55673310e-01  1.61072627e-01
  1.66117519e-01  1.70738176e-01  1.74876615e-01  1.78491235e-01  1.81559801e-01
  1.84080511e-01  1.86070934e-01  1.87565014e-01  1.88608810e-01  1.89255714e-01
 -2.60386709e-02 -2.96957605e-02 -3.29261981e-02 -3.59023437e-02 -3.80042344e-02
 -3.62727344e-02 -3.27676721e-02 -2.80739833e-02 -2.26024557e-02 -1.66787971e-02
 -1.05746333e-02 -4.51554172e-03  1.31683145e-03  6.78233709e-03  1.17792534e-02
  1.62413549e-02  2.01353878e-02  2.34590471e-02  2.62392517e-02  2.85298582e-02
  3.04073915e-02  3.19637507e-02  3.32966074e-02  3.44999731e-02  3.56576219e-02
  3.68404128e-02  3.81068252e-02  3.95053513e-02  4.10773046e-02  4.28589061e-02
  4.48820032e-02  4.71733995e-02  4.97538261e-02  5.26373424e-02  5.58312871e-02
  5.93368299e-02  6.31502867e-02  6.72653690e-02  7.16753751e-02  7.63745457e-02
  8.13581422e-02  8.66218358e-02  9.21607912e-02  9.79685932e-02  1.04036130e-01
  1.10350348e-01  1.16892718e-01  1.23637468e-01  1.30549505e-01  1.37582034e-01
  1.44674271e-01  1.51749492e-01  1.58714354e-01  1.65460542e-01  1.71869352e-01
  1.77819759e-01  1.83198765e-01  1.87912449e-01  1.91895485e-01  1.95117354e-01
  1.97584301e-01  1.99336648e-01  2.00441837e-01  2.00984851e-01  2.01058000e-01
 -2.99169291e-02 -3.37303840e-02 -3.38550024e-02 -3.28523293e-02 -3.15430425e-02
 -2.94915866e-02 -2.66412273e-02 -2.31219642e-02 -1.91086456e-02 -1.47757353e-02
 -1.02842571e-02 -5.77654410e-03 -1.37335726e-03  2.82764644e-03  6.75243791e-03
  1.03504024e-02  1.35936169e-02  1.64757203e-02  1.90102924e-02  2.12285779e-02
  2.31762994e-02  2.49096025e-02  2.64904574e-02  2.79822107e-02  2.94459984e-02
  3.09384167e-02  3.25104743e-02  3.42075042e-02  3.60695608e-02  3.81318927e-02
  4.04252335e-02  4.29758430e-02  4.58054207e-02  4.89311367e-02  5.23658283e-02
  5.61184995e-02  6.01950958e-02  6.45994544e-02  6.93342537e-02  7.44016841e-02
  7.98037872e-02  8.55424404e-02  9.16190147e-02  9.80337635e-02  1.04784980e-01
  1.11867763e-01  1.19272299e-01  1.26981542e-01  1.34967864e-01  1.43188715e-01
  1.51580989e-01  1.60054594e-01  1.68486506e-01  1.76718131e-01  1.84560150e-01
  1.91807404e-01  1.98262334e-01  2.03760296e-01  2.08190069e-01  2.11506918e-01
  2.13736877e-01  2.14970917e-01  2.15348095e-01  2.15031490e-01  2.14184538e-01
 -3.16167660e-02 -3.54311727e-02 -3.40508707e-02 -3.09969857e-02 -2.82218438e-02
 -2.54739076e-02 -2.26020403e-02 -1.95542332e-02 -1.63425934e-02 -1.30139999e-02
 -9.63082258e-03 -6.25908375e-03 -2.96114665e-03  2.08874204e-04  3.20795132e-03
  6.00576447e-03  8.58541764e-03  1.09434221e-02  1.30890468e-02  1.50430631e-02
  1.68359578e-02  1.85057148e-02  2.00953595e-02  2.16505453e-02  2.32174154e-02
  2.48409305e-02  2.65637357e-02  2.84254737e-02  3.04624569e-02  3.27075534e-02
  3.51901464e-02  3.79361585e-02  4.09681387e-02  4.43053953e-02  4.79642823e-02
  5.19585833e-02  5.63000329e-02  6.09989055e-02  6.60645887e-02  7.15060979e-02
  7.73324892e-02  8.35530832e-02  9.01775360e-02  9.72157195e-02  1.04677357e-01
  1.12571336e-01  1.20904438e-01  1.29679203e-01  1.38890415e-01  1.48519263e-01
  1.58523813e-01  1.68824226e-01  1.79281607e-01  1.89674333e-01  1.99686378e-01
  2.08934143e-01  2.17036650e-01  2.23685086e-01  2.28679150e-01  2.31944799e-01
  2.33548447e-01  2.33698681e-01  2.32706100e-01  2.30905488e-01  2.28591129e-01
 -3.00233122e-02 -3.36787924e-02 -3.16236354e-02 -2.79634092e-02 -2.47225445e-02
 -2.17666104e-02 -1.89905111e-02 -1.63201243e-02 -1.37129389e-02 -1.11522740e-02
 -8.63971468e-03 -6.18802244e-03 -3.81526863e-03 -1.54027063e-03  6.20790001e-04
  2.65674782e-03  4.56298003e-03  6.34221127e-03  8.00469518e-03  9.56787169e-03
  1.10555757e-02  1.24969287e-02  1.39250150e-02  1.53754922e-02  1.68852676e-02
  1.84913352e-02  2.02298369e-02  2.21353639e-02  2.42404733e-02  2.65753698e-02
  2.91677527e-02  3.20427679e-02  3.52230668e-02  3.87289785e-02  4.25787605e-02
  4.67889681e-02  5.13748564e-02  5.63508794e-02  6.17312081e-02  6.75302669e-02
  7.37632662e-02  8.04467201e-02  8.75989571e-02  9.52406228e-02  1.03395142e-01
  1.12089135e-01  1.21352673e-01  1.31219119e-01  1.41724229e-01  1.52903423e-01
  1.64785028e-01  1.77374348e-01  1.90615773e-01  2.04305455e-01  2.17938527e-01
  2.30596945e-01  2.41419524e-01  2.49876335e-01  2.55645216e-01  2.58568347e-01
  2.58692563e-01  2.56471395e-01  2.52794087e-01  2.48415723e-01  2.43824869e-01
 -2.55082678e-02 -2.89519504e-02 -2.68503744e-02 -2.31327694e-02 -1.99457034e-02
 -1.71983670e-02 -1.47970086e-02 -1.26574636e-02 -1.07124709e-02 -8.91328603e-03
 -7.22774491e-03 -5.63666038e-03 -4.12982516e-03 -2.70227785e-03 -1.35114684e-03
 -7.31613109e-05  1.13717827e-03  2.28882115e-03  3.39484820e-03  4.47268924e-03
  5.54395327e-03  6.63395133e-03  7.77099421e-03  8.98555759e-03  1.03093926e-02
  1.17746880e-02  1.34133315e-02  1.52563043e-02  1.73332095e-02  1.96719207e-02
  2.22983826e-02  2.52365321e-02  2.85083745e-02  3.21341679e-02  3.61327082e-02
  4.05216701e-02  4.53180149e-02  5.05384654e-02  5.62000461e-02  6.23207055e-02
  6.89199939e-02  7.60198906e-02  8.36457089e-02  9.18272734e-02  1.00600265e-01
  1.10008053e-01  1.20104037e-01  1.30954757e-01  1.42644241e-01  1.55280218e-01
  1.69003442e-01  1.84002906e-01  2.00544819e-01  2.19048381e-01  2.39892066e-01
  2.58781612e-01  2.73895890e-01  2.85114110e-01  2.92188197e-01  2.94588029e-01
  2.92168945e-01  2.84005493e-01  2.74761647e-01  2.66218275e-01  2.58502424e-01
 -1.82373915e-02 -2.14577112e-02 -1.94892678e-02 -1.60515644e-02 -1.33205634e-02
 -1.11786705e-02 -9.49323457e-03 -8.14900547e-03 -7.05413939e-03 -6.13948982e-03
 -5.35510201e-03 -4.66593029e-03 -4.04769415e-03 -3.48323118e-03 -2.95946235e-03
 -2.46496988e-03 -1.98815088e-03 -1.51588663e-03 -1.03266910e-03 -5.20123169e-04
  4.31302797e-05  6.81321369e-04  1.42113178e-03  2.29107472e-03  3.32072563e-03
  4.54000384e-03  5.97856427e-03  7.66529189e-03  9.62786004e-03  1.18923699e-02
  1.44830812e-02  1.74223147e-02  2.07305942e-02  2.44270004e-02  2.85295453e-02
  3.30555104e-02  3.80218364e-02  4.34455797e-02  4.93444726e-02  5.57375848e-02
  6.26461208e-02  7.00943619e-02  7.81108811e-02  8.67300332e-02  9.59939212e-02
  1.05955042e-01  1.16679892e-01  1.28254220e-01  1.40790552e-01  1.54439896e-01
  1.69410154e-01  1.85996547e-01  2.04632819e-01  2.25968689e-01  2.50917852e-01
  2.76577294e-01  2.96608597e-01  3.10953617e-01  3.19742322e-01  3.22876275e-01
  3.19493979e-01  3.09069544e-01  2.93601245e-01  2.80643404e-01  2.69895643e-01
 -7.73648592e-03 -1.07228514e-02 -8.77096411e-03 -6.07011933e-03 -4.38331719e-03
 -3.39494506e-03 -2.87994999e-03 -2.68292218e-03 -2.69817095e-03 -2.85350624e-03
 -3.09924874e-03 -3.40087921e-03 -3.73393553e-03 -4.08031559e-03 -4.42551030e-03
 -4.75649955e-03 -5.06016519e-03 -5.32211829e-03 -5.52588422e-03 -5.65239368e-03
 -5.67974010e-03 -5.58318105e-03 -5.33534354e-03 -4.90688672e-03 -4.26786719e-03
 -3.38853919e-03 -2.23977049e-03 -7.93356332e-04  9.77604068e-04  3.09821451e-03
  5.59123978e-03  8.47674720e-03  1.17723830e-02  1.54946549e-02  1.96594931e-02
  2.42824014e-02  2.93786377e-02  3.49636450e-02  4.10535857e-02  4.76659723e-02
  5.48204333e-02  6.25396296e-02  7.08504096e-02  7.97852576e-02  8.93841237e-02
  9.96968523e-02  1.10786475e-01  1.22733630e-01  1.35642812e-01  1.49650946e-01
  1.64939374e-01  1.81749746e-01  2.00403124e-01  2.21318468e-01  2.45024174e-01
  2.71996737e-01  2.95052499e-01  3.11766326e-01  3.22365820e-01  3.26917589e-01
  3.25568527e-01  3.17451298e-01  3.02380741e-01  2.86957741e-01  2.74755180e-01
  8.69204663e-03  6.67472184e-03  7.17328163e-03  7.57461134e-03  7.01855496e-03
  6.02902519e-03  4.81897965e-03  3.49374814e-03  2.11272272e-03  7.12215784e-04
 -6.84373488e-04 -2.06125551e-03 -3.40706133e-03 -4.71268082e-03 -5.96966548e-03
 -7.16898218e-03 -8.30003247e-03 -9.34988540e-03 -1.03027159e-02 -1.11394180e-02
 -1.18373763e-02 -1.23704337e-02 -1.27080604e-02 -1.28152194e-02 -1.26587916e-02
 -1.22078126e-02 -1.14326654e-02 -1.03046075e-02 -8.79590772e-03 -6.88070385e-03
 -4.53663990e-03 -1.74705149e-03  1.49817183e-03  5.21090021e-03  9.40443762e-03
  1.40918354e-02  1.92851461e-02  2.49963347e-02  3.12378518e-02  3.80230732e-02
  4.53669317e-02  5.32866567e-02  6.18026517e-02  7.09394515e-02  8.07269067e-02
  9.12015885e-02  1.02408484e-01  1.14402972e-01  1.27253130e-01  1.41042113e-01
  1.55870184e-01  1.71855554e-01  1.89132810e-01  2.07848445e-01  2.28159949e-01
  2.50283659e-01  2.72938907e-01  2.89401948e-01  3.00493330e-01  3.06641877e-01
  3.07649702e-01  3.03919971e-01  2.94743866e-01  2.81407982e-01  2.70853966e-01
  3.22554596e-02  3.31640691e-02  2.86320820e-02  2.36136895e-02  1.95665807e-02
  1.60049908e-02  1.27487220e-02  9.71272681e-03  6.84978208e-03  4.13053390e-03
  1.53534813e-03 -9.49330686e-04 -3.33264028e-03 -5.62000414e-03 -7.81332701e-03
 -9.91090760e-03 -1.19072059e-02 -1.37925521e-02 -1.55529119e-02 -1.71697401e-02
 -1.86196268e-02 -1.98777001e-02 -2.09105294e-02 -2.16545872e-02 -2.20729541e-02
 -2.21364535e-02 -2.18168087e-02 -2.10843422e-02 -1.99075956e-02 -1.82543322e-02
 -1.60951670e-02 -1.34141352e-02 -1.02382610e-02 -6.55905949e-03 -2.35983939e-03
  2.37261481e-03  7.64389103e-03  1.34604890e-02  1.98296346e-02  2.67584082e-02
  3.42545286e-02  4.23269458e-02  5.09863012e-02  6.02453239e-02  7.01191127e-02
  8.06253180e-02  9.17841420e-02  1.03617877e-01  1.16149753e-01  1.29401416e-01
  1.43387914e-01  1.58108696e-01  1.73531055e-01  1.89559892e-01  2.05977947e-01
  2.22315833e-01  2.37624139e-01  2.50651389e-01  2.60646999e-01  2.67370254e-01
  2.70805538e-01  2.71099985e-01  2.68659055e-01  2.64380723e-01  2.59533554e-01
  4.88770157e-02  5.07591739e-02  4.43437137e-02  3.67502607e-02  3.03003713e-02
  2.46737488e-02  1.96476318e-02  1.50710503e-02  1.08410558e-02  6.88557606e-03
  3.15289618e-03 -3.94611823e-04 -3.78423464e-03 -7.03516090e-03 -1.01597775e-02
 -1.31643247e-02 -1.60490777e-02 -1.88082028e-02 -2.14296822e-02 -2.38965098e-02
 -2.61722486e-02 -2.82582119e-02 -3.01931333e-02 -3.16841267e-02 -3.27585265e-02
 -3.34135406e-02 -3.36303823e-02 -3.33797783e-02 -3.26229334e-02 -3.13084759e-02
 -2.93630790e-02 -2.66683213e-02 -2.35666446e-02 -1.99549347e-02 -1.57716125e-02
 -1.09888716e-02 -5.63801266e-03  2.82715046e-04  6.77843671e-03  1.38471546e-02
  2.14873757e-02  2.96981130e-02  3.84790041e-02  4.78299446e-02  5.77505976e-02
  6.82396516e-02  7.92936906e-02  9.09054503e-02  1.03061065e-01  1.15735836e-01
  1.28887758e-01  1.42447814e-01  1.56305820e-01  1.70290798e-01  1.84146762e-01
  1.97513595e-01  2.09940255e-01  2.20959708e-01  2.30195746e-01  2.37426087e-01
  2.42590740e-01  2.45786309e-01  2.47263312e-01  2.47403100e-01  2.46639162e-01
  5.81518896e-02  6.01738840e-02  5.37745804e-02  4.52892259e-02  3.76719050e-02
  3.08095682e-02  2.45720502e-02  1.88425612e-02  1.35235805e-02  8.53653625e-03
  3.81931756e-03 -6.76539436e-04 -4.98831645e-03 -9.14405286e-03 -1.31639419e-02
 -1.70611460e-02 -2.08418481e-02 -2.45039575e-02 -2.80328672e-02 -3.14634629e-02
 -3.45444568e-02 -3.73070501e-02 -3.97461094e-02 -4.18121256e-02 -4.34744284e-02
 -4.47055995e-02 -4.54763174e-02 -4.57539260e-02 -4.55023982e-02 -4.46832329e-02
 -4.32584770e-02 -4.11997736e-02 -3.85147445e-02 -3.51619795e-02 -3.10647134e-02
 -2.60933693e-02 -2.06432994e-02 -1.46113541e-02 -7.95740355e-03 -7.19719392e-04
  7.09102023e-03  1.54634826e-02  2.43875366e-02  3.38519216e-02  4.38432880e-02
  5.43450080e-02  6.53357580e-02  7.67875984e-02  8.86633769e-02  1.00913182e-01
  1.13469750e-01  1.26242667e-01  1.39111802e-01  1.51921153e-01  1.64475396e-01
  1.76543877e-01  1.87875956e-01  1.98228508e-01  2.07398027e-01  2.15247080e-01
  2.21718743e-01  2.26839662e-01  2.30712444e-01  2.33496994e-01  2.35381573e-01
  6.35162145e-02  6.55554086e-02  5.87688908e-02  4.98479158e-02  4.16604243e-02
  3.41307037e-02  2.71691810e-02  2.06853449e-02  1.45962071e-02  8.82993452e-03
  3.32650263e-03 -1.96309923e-03 -7.07822014e-03 -1.20500317e-02 -1.69030130e-02
 -2.16565169e-02 -2.63266787e-02 -3.09294183e-02 -3.52292098e-02 -3.92509848e-02
 -4.29680198e-02 -4.63620536e-02 -4.94106412e-02 -5.20836189e-02 -5.43490946e-02
 -5.61741106e-02 -5.75244166e-02 -5.83644994e-02 -5.86580373e-02 -5.83688803e-02
 -5.74625619e-02 -5.59081063e-02 -5.36783971e-02 -5.07416725e-02 -4.70635593e-02
 -4.26168852e-02 -3.74095254e-02 -3.13820355e-02 -2.44085174e-02 -1.69403441e-02
 -8.89660046e-03 -3.05534486e-04  8.82120058e-03  1.84644423e-02  2.86018178e-02
  3.92061211e-02  5.02444692e-02  6.16769493e-02  7.34549612e-02  8.55191499e-02
  9.77969840e-02  1.10200234e-01  1.22622825e-01  1.34939924e-01  1.47009343e-01
  1.58676296e-01  1.69782132e-01  1.80176198e-01  1.89728826e-01  1.98342502e-01
  2.05959275e-01  2.12562948e-01  2.18176141e-01  2.22852692e-01  2.26667017e-01
  6.51564002e-02  6.70647919e-02  5.99748753e-02  5.08989245e-02  4.25262488e-02
  3.47468443e-02  2.74597351e-02  2.05748864e-02  1.40159009e-02  7.71922851e-03
  1.63248763e-03 -4.28720657e-03 -1.00747244e-02 -1.57582052e-02 -2.13602502e-02
 -2.68991720e-02 -3.23902518e-02 -3.76039073e-02 -4.25396711e-02 -4.71922643e-02
 -5.15459217e-02 -5.55791073e-02 -5.92652485e-02 -6.25731871e-02 -6.54685274e-02
 -6.79145753e-02 -6.98731020e-02 -7.13049620e-02 -7.21709058e-02 -7.24323839e-02
 -7.20524564e-02 -7.09964484e-02 -6.92321286e-02 -6.67290762e-02 -6.34592474e-02
 -5.93984090e-02 -5.45261540e-02 -4.88169342e-02 -4.22458835e-02 -3.48127149e-02
 -2.64141131e-02 -1.75431482e-02 -8.12735967e-03  1.79068104e-03  1.21851759e-02
  2.30210535e-02  3.42584103e-02  4.58509848e-02  5.77458106e-02  6.98825344e-02
  8.21924284e-02  9.45974365e-02  1.07009619e-01  1.19331427e-01  1.31457210e-01
  1.43276095e-01  1.54676348e-01  1.65550575e-01  1.75801128e-01  1.85344890e-01
  1.94116518e-01  2.02069893e-01  2.09177896e-01  2.15430632e-01  2.20833108e-01
  6.25458211e-02  6.40653148e-02  5.73566221e-02  4.85789217e-02  4.05011475e-02
  3.29157598e-02  2.56837066e-02  1.87160075e-02  1.19505823e-02  5.34057803e-03
 -1.15125906e-03 -7.55535113e-03 -1.38966870e-02 -2.01954748e-02 -2.64675058e-02
 -3.27252224e-02 -3.87473479e-02 -4.45310622e-02 -5.00676632e-02 -5.53425848e-02
 -6.03350215e-02 -6.50185645e-02 -6.93618655e-02 -7.33293071e-02 -7.68818781e-02
 -7.99780115e-02 -8.25744644e-02 -8.46272036e-02 -8.60923305e-02 -8.69269669e-02
 -8.70901346e-02 -8.65435153e-02 -8.52520168e-02 -8.31841379e-02 -8.03124309e-02
 -7.66137466e-02 -7.20690861e-02 -6.66628405e-02 -6.03835098e-02 -5.32247238e-02
 -4.51804549e-02 -3.62680927e-02 -2.63940878e-02 -1.60938371e-02 -5.30401198e-03
  5.91645762e-03  1.75259113e-02  2.94728819e-02  4.17023413e-02  5.41564375e-02
  6.67737797e-02  7.94885755e-02  9.22301859e-02  1.04923151e-01  1.17487788e-01
  1.29841357e-01  1.41899526e-01  1.53578043e-01  1.64794177e-01  1.75467774e-01
  1.85521841e-01  1.94882885e-01  2.03481615e-01  2.11254507e-01  2.18146831e-01
  5.53643331e-02  5.59035577e-02  5.01871780e-02  4.30485345e-02  3.60816754e-02
  2.91854590e-02  2.23402865e-02  1.55331604e-02  8.75162054e-03  1.98286097e-03
 -4.78619756e-03 -1.15686050e-02 -1.83768719e-02 -2.52216607e-02 -3.21077481e-02
 -3.88172120e-02 -4.53446433e-02 -5.16793281e-02 -5.78051433e-02 -6.37004599e-02
 -6.93381205e-02 -7.46856853e-02 -7.97058865e-02 -8.43572095e-02 -8.85946006e-02
 -9.23703462e-02 -9.56349820e-02 -9.83382985e-02 -1.00430392e-01 -1.01862684e-01
 -1.02589004e-01 -1.02566503e-01 -1.01756498e-01 -1.00125194e-01 -9.76441801e-02
 -9.42908525e-02 -9.00484696e-02 -8.49061459e-02 -7.88587183e-02 -7.19064996e-02
 -6.40544891e-02 -5.53123616e-02 -4.56889085e-02 -3.52162719e-02 -2.38081459e-02
 -1.20440666e-02  1.28800049e-04  1.26315067e-02  2.54044011e-02  3.83947976e-02
  5.15516587e-02  6.48232177e-02  7.81559721e-02  9.14942473e-02  1.04780123e-01
  1.17953256e-01  1.30950660e-01  1.43705830e-01  1.56147301e-01  1.68196335e-01
  1.79763988e-01  1.90748274e-01  2.01033056e-01  2.10490689e-01  2.18990505e-01
  4.61069047e-02  4.52804267e-02  4.16123234e-02  3.64957079e-02  3.07501107e-02
  2.46145036e-02  1.82201974e-02  1.16368346e-02  4.90226736e-03 -1.96305593e-03
 -8.94916523e-03 -1.60534382e-02 -2.32803151e-02 -3.06448229e-02 -3.79111543e-02
 -4.50650938e-02 -5.20924404e-02 -5.89756034e-02 -6.56921640e-02 -7.22143501e-02
 -7.85088390e-02 -8.45369622e-02 -9.02549922e-02 -9.56147388e-02 -1.00564249e-01
 -1.05048656e-01 -1.09011211e-01 -1.12394392e-01 -1.15141094e-01 -1.17195860e-01
 -1.18506126e-01 -1.19023383e-01 -1.18704267e-01 -1.17511444e-01 -1.15414366e-01
 -1.12389758e-01 -1.08421847e-01 -1.03502333e-01 -9.76301134e-02 -9.08106789e-02
 -8.30552801e-02 -7.43798390e-02 -6.48035482e-02 -5.43484688e-02 -4.30338830e-02
 -3.09032295e-02 -1.78778693e-02 -4.60201269e-03  8.90448131e-03  2.26133093e-02
  3.64922695e-02  5.05072773e-02  6.46233037e-02  7.88047761e-02  9.30155739e-02
  1.07218601e-01  1.21374555e-01  1.35439739e-01  1.49362177e-01  1.63075581e-01
  1.76490650e-01  1.89483717e-01  2.01885074e-01  2.13473290e-01  2.23987058e-01
  4.09386232e-02  3.97040062e-02  3.61151434e-02  3.13609950e-02  2.60493997e-02
  2.02742983e-02  1.41175510e-02  7.64236925e-03  8.94568220e-04 -6.09340379e-03
 -1.32983876e-02 -2.07027663e-02 -2.82906573e-02 -3.60434502e-02 -4.37261537e-02
 -5.13409488e-02 -5.88775016e-02 -6.63168579e-02 -7.36329332e-02 -8.07931125e-02
 -8.77585560e-02 -9.44845006e-02 -1.00920670e-01 -1.07011840e-01 -1.12698570e-01
 -1.17918164e-01 -1.22605756e-01 -1.26695573e-01 -1.30122274e-01 -1.32822439e-01
 -1.34736031e-01 -1.35807738e-01 -1.35988370e-01 -1.35235935e-01 -1.33516625e-01
 -1.30805343e-01 -1.27086118e-01 -1.22352004e-01 -1.16604663e-01 -1.09853595e-01
 -1.02114946e-01 -9.34099033e-02 -8.37627500e-02 -7.31983185e-02 -6.17385730e-02
 -4.93986942e-02 -3.61737981e-02 -2.20512208e-02 -7.70870270e-03  6.83345506e-03
  2.15546582e-02  3.64351012e-02  5.14566712e-02  6.66036233e-02  8.18629935e-02
  9.72245112e-02  1.12679854e-01  1.28220677e-01  1.43834695e-01  1.59498200e-01
  1.75162673e-01  1.90730676e-01  2.06014231e-01  2.20673352e-01  2.34167188e-01
  3.77590843e-02  3.62668037e-02  3.24643552e-02  2.76858211e-02  2.24111732e-02
  1.66752022e-02  1.05200289e-02  3.98604246e-03 -2.89178407e-03 -1.00850081e-02
 -1.75710600e-02 -2.53309328e-02 -3.33440118e-02 -4.13942337e-02 -4.94623296e-02
 -5.75306676e-02 -6.55785799e-02 -7.35804141e-02 -8.15045983e-02 -8.93132612e-02
 -9.69620347e-02 -1.04400173e-01 -1.11570828e-01 -1.18411608e-01 -1.24855317e-01
 -1.30830958e-01 -1.36264965e-01 -1.41082585e-01 -1.45209461e-01 -1.48573309e-01
 -1.51105613e-01 -1.52743325e-01 -1.53430417e-01 -1.53119266e-01 -1.51771814e-01
 -1.49360329e-01 -1.45867810e-01 -1.41287923e-01 -1.35624632e-01 -1.28891081e-01
 -1.21108390e-01 -1.12303637e-01 -1.02507703e-01 -9.17525217e-02 -8.00680220e-02
 -6.74787462e-02 -5.40002771e-02 -3.96381877e-02 -2.43860614e-02 -8.93681217e-03
  6.69675181e-03  2.25059111e-02  3.84870283e-02  5.46427183e-02  7.09831044e-02
  8.75270218e-02  1.04303077e-01  1.21350534e-01  1.38719603e-01  1.56470552e-01
  1.74670041e-01  1.93380639e-01  2.12628886e-01  2.32269838e-01  2.51172394e-01
  3.58258896e-02  3.41197811e-02  3.02059818e-02  2.52780020e-02  1.98619477e-02
  1.39789274e-02  7.65581429e-03  9.20692517e-04 -6.20094454e-03 -1.36888549e-02
 -2.15303823e-02 -2.97239386e-02 -3.80369797e-02 -4.64466363e-02 -5.49325980e-02
 -6.34737909e-02 -7.20458701e-02 -8.06195140e-02 -8.91593620e-02 -9.76233333e-02
 -1.05962299e-01 -1.14120036e-01 -1.22033477e-01 -1.29633188e-01 -1.36844203e-01
 -1.43587068e-01 -1.49779186e-01 -1.55336380e-01 -1.60174713e-01 -1.64212376e-01
 -1.67371675e-01 -1.69581026e-01 -1.70776814e-01 -1.70905039e-01 -1.69922724e-01
 -1.67798817e-01 -1.64514810e-01 -1.60064682e-01 -1.54454470e-01 -1.47701189e-01
 -1.39831334e-01 -1.30878851e-01 -1.20882720e-01 -1.09884195e-01 -9.79238227e-02
 -8.50383043e-02 -7.12573677e-02 -5.66009469e-02 -4.10761088e-02 -2.46736091e-02
 -8.09631497e-03  8.65483750e-03  2.55867522e-02  4.27162237e-02  6.00724407e-02
  7.76996315e-02  9.56603140e-02  1.14039846e-01  1.32952809e-01  1.52552694e-01
  1.73047066e-01  1.94724634e-01  2.18011409e-01  2.43603438e-01  2.70374238e-01
  3.51919085e-02  3.33297811e-02  2.92362887e-02  2.40826178e-02  1.84110925e-02
  1.22502772e-02  5.63084520e-03 -1.41855481e-03 -8.87382776e-03 -1.67161282e-02
 -2.49318592e-02 -3.35129909e-02 -4.22195382e-02 -5.10478094e-02 -5.99875301e-02
 -6.90223351e-02 -7.81295225e-02 -8.72795433e-02 -9.64354649e-02 -1.05552562e-01
 -1.14578031e-01 -1.23450987e-01 -1.32102713e-01 -1.40457153e-01 -1.48431808e-01
 -1.55938849e-01 -1.62886634e-01 -1.69181421e-01 -1.74729422e-01 -1.79438934e-01
 -1.83222696e-01 -1.86000124e-01 -1.87699527e-01 -1.88260049e-01 -1.87633336e-01
 -1.85784653e-01 -1.82693705e-01 -1.78354621e-01 -1.72775537e-01 -1.65977523e-01
 -1.57992870e-01 -1.48863018e-01 -1.38635889e-01 -1.27363026e-01 -1.15096465e-01
 -1.01885445e-01 -8.77731368e-02 -7.27933496e-02 -5.69671988e-02 -4.02995050e-02
 -2.27748770e-02 -5.10533201e-03  1.27198165e-02  3.07233296e-02  4.89449203e-02
  6.74436837e-02  8.63016471e-02  1.05629668e-01  1.25576526e-01  1.46342650e-01
  1.68199912e-01  1.91519216e-01  2.16803372e-01  2.44710207e-01  2.74635106e-01
  3.60395610e-02  3.41041535e-02  2.96666250e-02  2.41763815e-02  1.81059558e-02
  1.15217734e-02  4.47666598e-03 -2.99415388e-03 -1.08676897e-02 -1.91278085e-02
 -2.77597513e-02 -3.67415100e-02 -4.58598062e-02 -5.51218428e-02 -6.45241067e-02
 -7.40543678e-02 -8.36921856e-02 -9.34087858e-02 -1.03166774e-01 -1.12919748e-01
 -1.22612134e-01 -1.32179156e-01 -1.41547114e-01 -1.50633901e-01 -1.59349918e-01
 -1.67599350e-01 -1.75281763e-01 -1.82293996e-01 -1.88532516e-01 -1.93895772e-01
 -1.98286846e-01 -2.01616064e-01 -2.03803495e-01 -2.04781264e-01 -2.04495445e-01
 -2.02907518e-01 -1.99995250e-01 -1.95752874e-01 -1.90190688e-01 -1.83333859e-01
 -1.75220728e-01 -1.65900454e-01 -1.55430257e-01 -1.43872261e-01 -1.31290182e-01
 -1.17745876e-01 -1.03295825e-01 -8.79878178e-02 -7.18576089e-02 -5.49257882e-02
 -3.71946879e-02 -1.86450146e-02 -6.12097483e-06  1.87343266e-02  3.76191922e-02
  5.67113683e-02  7.60936365e-02  9.58729684e-02  1.16188072e-01  1.37220606e-01
  1.59211859e-01  1.82487816e-01  2.07498044e-01  2.34870985e-01  2.64191270e-01
  3.84753756e-02  3.65586393e-02  3.19004133e-02  2.57347617e-02  1.89564545e-02
  1.17387380e-02  4.12846869e-03 -3.85919027e-03 -1.22218654e-02 -2.09651049e-02
 -3.01027950e-02 -3.94270234e-02 -4.89301421e-02 -5.86088225e-02 -6.84570894e-02
 -7.84630924e-02 -8.86073709e-02 -9.88617986e-02 -1.09188847e-01 -1.19541056e-01
 -1.29860744e-01 -1.40079930e-01 -1.50120601e-01 -1.59895256e-01 -1.69307888e-01
 -1.78255260e-01 -1.86628729e-01 -1.94316283e-01 -2.01205075e-01 -2.07184136e-01
 -2.12147251e-01 -2.15995923e-01 -2.18642250e-01 -2.20011503e-01 -2.20044300e-01
 -2.18698427e-01 -2.15949729e-01 -2.11792588e-01 -2.06239372e-01 -1.99319392e-01
 -1.91076934e-01 -1.81568801e-01 -1.70861363e-01 -1.59027144e-01 -1.46141231e-01
 -1.32277578e-01 -1.17505364e-01 -1.01885416e-01 -8.54670182e-02 -6.82851821e-02
 -5.03591225e-02 -3.16935964e-02 -1.22873718e-02  7.03759911e-03  2.63659097e-02
  4.57661487e-02  6.53081685e-02  8.50707889e-02  1.05146363e-01  1.25644431e-01
  1.46695659e-01  1.68457270e-01  1.91126108e-01  2.14995101e-01  2.40074769e-01
  4.36874516e-02  4.24521044e-02  3.61304618e-02  2.83656884e-02  2.05727834e-02
  1.25977285e-02  4.36948752e-03 -4.15233709e-03 -1.29965637e-02 -2.21873950e-02
 -3.17472406e-02 -4.14654315e-02 -5.13599589e-02 -6.14399500e-02 -7.17063844e-02
 -8.21517631e-02 -9.27594230e-02 -1.03502870e-01 -1.14345148e-01 -1.25238374e-01
 -1.36123359e-01 -1.46929622e-01 -1.57575577e-01 -1.67969108e-01 -1.78008586e-01
 -1.87584251e-01 -1.96580112e-01 -2.04876199e-01 -2.12351248e-01 -2.18885705e-01
 -2.24364877e-01 -2.28682190e-01 -2.31742382e-01 -2.33464405e-01 -2.33783931e-01
 -2.32655257e-01 -2.30052590e-01 -2.25970417e-01 -2.20423177e-01 -2.13444084e-01
 -2.05083042e-01 -1.95404127e-01 -1.84482291e-01 -1.72399804e-01 -1.59242362e-01
 -1.45095125e-01 -1.30038768e-01 -1.14145413e-01 -9.74745974e-02 -8.00688043e-02
 -6.19475096e-02 -4.30973209e-02 -2.34518256e-02 -3.85156018e-03  1.56714544e-02
  3.51299979e-02  5.45537584e-02  7.39776641e-02  9.34352502e-02  1.12951688e-01
  1.32532343e-01  1.52140707e-01  1.71651766e-01  1.90749750e-01  2.08758473e-01
  4.70188297e-02  4.59196791e-02  3.89552303e-02  3.05641741e-02  2.21446529e-02
  1.36054074e-02  4.87769349e-03 -4.09176946e-03 -1.33451391e-02 -2.29173824e-02
 -3.28388810e-02 -4.29079719e-02 -5.31513989e-02 -6.35857284e-02 -7.42176399e-02
 -8.50437731e-02 -9.60503742e-02 -1.07212789e-01 -1.18494920e-01 -1.29848793e-01
 -1.41214252e-01 -1.52518898e-01 -1.63678303e-01 -1.74596623e-01 -1.85167596e-01
 -1.95276052e-01 -2.04799801e-01 -2.13612199e-01 -2.21584827e-01 -2.28590831e-01
 -2.34508291e-01 -2.39223748e-01 -2.42635652e-01 -2.44657576e-01 -2.45220944e-01
 -2.44277179e-01 -2.41799071e-01 -2.37781391e-01 -2.32240468e-01 -2.25213036e-01
 -2.16754094e-01 -2.06934169e-01 -1.95835888e-01 -1.83550283e-01 -1.70172617e-01
 -1.55798346e-01 -1.40519053e-01 -1.24418512e-01 -1.07569247e-01 -9.00295526e-02
 -7.18416572e-02 -5.30325733e-02 -3.36215310e-02 -1.36450808e-02  6.01411425e-03
  2.54127365e-02  4.45812158e-02  6.35326728e-02  8.22634250e-02  1.00748099e-01
  1.18929654e-01  1.36704057e-01  1.53900042e-01  1.70260414e-01  1.85444921e-01
  4.85748760e-02  4.74452935e-02  4.06608395e-02  3.20465341e-02  2.33297609e-02
  1.44723449e-02  5.42763062e-03 -3.84879415e-03 -1.33973379e-02 -2.32544150e-02
 -3.34531628e-02 -4.37968485e-02 -5.43162934e-02 -6.50319234e-02 -7.59537369e-02
 -8.70810747e-02 -9.84022021e-02 -1.09893799e-01 -1.21520460e-01 -1.33234203e-01
 -1.44974202e-01 -1.56666681e-01 -1.68225095e-01 -1.79550812e-01 -1.90534070e-01
 -2.01055571e-01 -2.10988462e-01 -2.20200911e-01 -2.28559062e-01 -2.35930428e-01
 -2.42187545e-01 -2.47211635e-01 -2.50896364e-01 -2.53151178e-01 -2.53904313e-01
 -2.53105044e-01 -2.50725240e-01 -2.46760041e-01 -2.41227463e-01 -2.34167188e-01
 -2.25638449e-01 -2.15717122e-01 -2.04492196e-01 -1.92061901e-01 -1.78529471e-01
 -1.63998902e-01 -1.48570850e-01 -1.32338613e-01 -1.15384489e-01 -9.77764949e-02
 -7.95652270e-02 -6.07808866e-02 -4.14296798e-02 -2.14875005e-02 -1.91692018e-03
  1.72909480e-02  3.61339599e-02  5.45997284e-02  7.26625547e-02  9.02787000e-02
  1.07380822e-01  1.23872466e-01  1.39624402e-01  1.54476196e-01  1.68246761e-01
  4.97093201e-02  4.85818796e-02  4.16794717e-02  3.29742730e-02  2.41416059e-02
  1.51452040e-02  5.94547996e-03 -3.49634863e-03 -1.32167786e-02 -2.32498720e-02
 -3.36276889e-02 -4.41538617e-02 -5.48600778e-02 -6.57678768e-02 -7.68884122e-02
 -8.82221088e-02 -9.97580886e-02 -1.11473642e-01 -1.23333655e-01 -1.35290056e-01
 -1.47281557e-01 -1.59233436e-01 -1.71057850e-01 -1.82654336e-01 -1.93910912e-01
 -2.04705611e-01 -2.14908585e-01 -2.24384695e-01 -2.32996583e-01 -2.40608186e-01
 -2.47088477e-01 -2.52315342e-01 -2.56179422e-01 -2.58587629e-01 -2.59466261e-01
 -2.58763403e-01 -2.56450534e-01 -2.52523273e-01 -2.47001022e-01 -2.39925757e-01
 -2.31359795e-01 -2.21382916e-01 -2.10088730e-01 -1.97580695e-01 -1.83967888e-01
 -1.69360653e-01 -1.53866455e-01 -1.37585953e-01 -1.20609201e-01 -1.03012204e-01
 -8.48531574e-02 -6.61676601e-02 -4.69608232e-02 -2.71917116e-02 -7.76847126e-03
  1.12288427e-02  2.97620483e-02  4.78034690e-02  6.53216392e-02  8.22742358e-02
  9.86044854e-02  1.14239737e-01  1.29092410e-01  1.43063799e-01  1.56051338e-01
  5.02839349e-02  4.91557866e-02  4.21199836e-02  3.34466211e-02  2.46478617e-02
  1.56638268e-02  6.45022187e-03 -3.02921422e-03 -1.28060607e-02 -2.29095630e-02
 -3.33679318e-02 -4.39814031e-02 -5.47800921e-02 -6.57845289e-02 -7.70052597e-02
 -8.84423554e-02 -1.00084774e-01 -1.11909680e-01 -1.23881832e-01 -1.35953009e-01
 -1.48061603e-01 -1.60132527e-01 -1.72077328e-01 -1.83794826e-01 -1.95172146e-01
 -2.06086278e-01 -2.16406196e-01 -2.25995481e-01 -2.34715462e-01 -2.42428720e-01
 -2.49002948e-01 -2.54314870e-01 -2.58254081e-01 -2.60726750e-01 -2.61658669e-01
 -2.60997742e-01 -2.58715749e-01 -2.54808813e-01 -2.49297440e-01 -2.42224932e-01
 -2.33655453e-01 -2.23670959e-01 -2.12367609e-01 -1.99851766e-01 -1.86235756e-01
 -1.71633661e-01 -1.56157181e-01 -1.39911965e-01 -1.22994408e-01 -1.05489202e-01
 -8.74678865e-02 -6.89891353e-02 -5.01021482e-02 -3.08562405e-02 -1.13239391e-02
  7.56869745e-03  2.58597676e-02  4.35573831e-02  6.06493913e-02  7.71080628e-02
  9.28927660e-02  1.07952245e-01  1.22227408e-01  1.35655075e-01  1.48172840e-01
  4.97403666e-02  4.85018939e-02  4.18801308e-02  3.35050225e-02  2.49466095e-02
  1.61300302e-02  7.02544954e-03 -2.38607544e-03 -1.21231107e-02 -2.22059060e-02
 -3.26564834e-02 -4.32688631e-02 -5.40699176e-02 -6.50775880e-02 -7.63004646e-02
 -8.77371877e-02 -9.93757546e-02 -1.11192696e-01 -1.23152405e-01 -1.35206476e-01
 -1.47293329e-01 -1.59337968e-01 -1.71252236e-01 -1.82935327e-01 -1.94274858e-01
 -2.05148458e-01 -2.15425819e-01 -2.24971354e-01 -2.33647317e-01 -2.41317317e-01
 -2.47850060e-01 -2.53123373e-01 -2.57027954e-01 -2.59470999e-01 -2.60379344e-01
 -2.59701788e-01 -2.57410914e-01 -2.53503621e-01 -2.48000860e-01 -2.40946516e-01
 -2.32405066e-01 -2.22458780e-01 -2.11204067e-01 -1.98747575e-01 -1.85202003e-01
 -1.70681879e-01 -1.55299574e-01 -1.39161661e-01 -1.22365691e-01 -1.04997821e-01
 -8.71313363e-02 -6.88269362e-02 -5.01360074e-02 -3.11102495e-02 -1.18247317e-02
  6.79270178e-03  2.47792415e-02  4.21434343e-02  5.88754751e-02  7.49525279e-02
  9.03419852e-02  1.05004132e-01  1.18894875e-01  1.31968826e-01  1.44182727e-01
  4.82862741e-02  4.65992168e-02  4.10509929e-02  3.35173048e-02  2.53432840e-02
  1.67586319e-02  7.81710725e-03 -1.46850618e-03 -1.11017236e-02 -2.10947655e-02
 -3.14653553e-02 -4.20019403e-02 -5.27266413e-02 -6.36532456e-02 -7.47873411e-02
 -8.61255080e-02 -9.76543874e-02 -1.09349728e-01 -1.21175542e-01 -1.33083463e-01
 -1.45012274e-01 -1.56887800e-01 -1.68622971e-01 -1.80118546e-01 -1.91264018e-01
 -2.01939285e-01 -2.12016642e-01 -2.21363410e-01 -2.29844972e-01 -2.37328202e-01
 -2.43685171e-01 -2.48796970e-01 -2.52557427e-01 -2.54876554e-01 -2.55683631e-01
 -2.54929423e-01 -2.52587855e-01 -2.48656586e-01 -2.43156716e-01 -2.36131594e-01
 -2.27644622e-01 -2.17776418e-01 -2.06621408e-01 -1.94283858e-01 -1.80873886e-01
 -1.66503295e-01 -1.51281580e-01 -1.35312185e-01 -1.18688881e-01 -1.01492368e-01
 -8.37864950e-02 -6.56133518e-02 -4.69851643e-02 -2.78685875e-02 -9.17979330e-03
  8.99470598e-03  2.66124886e-02  4.36451957e-02  6.00661002e-02  7.58453459e-02
  9.09487233e-02  1.05338216e-01  1.18973613e-01  1.31814748e-01  1.43824235e-01
  4.97462265e-02  4.84316386e-02  4.22287211e-02  3.43850218e-02  2.62400825e-02
  1.77636761e-02  8.95245187e-03 -1.95618224e-04 -9.68752056e-03 -1.95365604e-02
 -2.97644380e-02 -4.01707888e-02 -5.07588871e-02 -6.15350381e-02 -7.25015178e-02
 -8.36532488e-02 -9.49759409e-02 -1.06444888e-01 -1.18024096e-01 -1.29665628e-01
 -1.41309202e-01 -1.52882069e-01 -1.64299235e-01 -1.75464049e-01 -1.86269268e-01
 -1.96598589e-01 -2.06328660e-01 -2.15331584e-01 -2.23477915e-01 -2.30639875e-01
 -2.36694962e-01 -2.41529554e-01 -2.45042384e-01 -2.47147933e-01 -2.47779146e-01
 -2.46889651e-01 -2.44455189e-01 -2.40474194e-01 -2.34967425e-01 -2.27976784e-01
 -2.19563171e-01 -2.09803864e-01 -1.98789045e-01 -1.86618254e-01 -1.73396364e-01
 -1.59229770e-01 -1.44222528e-01 -1.28472835e-01 -1.12069681e-01 -9.50898454e-02
 -7.75948390e-02 -5.96275367e-02 -4.12076749e-02 -2.23244913e-02 -3.95493489e-03
  1.38961263e-02  3.12143750e-02  4.79790680e-02  6.41634837e-02  7.97350779e-02
  9.46559608e-02  1.08884029e-01  1.22374699e-01  1.35083333e-01  1.46968082e-01
  5.08019067e-02  4.96021248e-02  4.34672944e-02  3.56172062e-02  2.75061987e-02
  1.91159062e-02  1.04297744e-02  1.43574784e-03 -7.87606649e-03 -1.75139699e-02
 -2.74826773e-02 -3.77766788e-02 -4.81997989e-02 -5.87737188e-02 -6.95067123e-02
 -8.03958625e-02 -9.14276019e-02 -1.02577582e-01 -1.13810308e-01 -1.25078768e-01
 -1.36324152e-01 -1.47475854e-01 -1.58451751e-01 -1.69158831e-01 -1.79494292e-01
 -1.89346984e-01 -1.98599428e-01 -2.07130179e-01 -2.14816660e-01 -2.21538231e-01
 -2.27179542e-01 -2.31633887e-01 -2.34806493e-01 -2.36617550e-01 -2.37004697e-01
 -2.35925153e-01 -2.33356819e-01 -2.29298860e-01 -2.23771229e-01 -2.16813505e-01
 -2.08482921e-01 -1.98851719e-01 -1.88004032e-01 -1.76032364e-01 -1.63034022e-01
 -1.49107412e-01 -1.34348616e-01 -1.18848220e-01 -1.02688596e-01 -8.59419778e-02
 -6.86694384e-02 -5.09217232e-02 -3.27435471e-02 -1.41853336e-02  3.85137764e-03
  2.13993397e-02  3.84614170e-02  5.50227202e-02  7.10560158e-02  8.65241736e-02
  1.01381645e-01  1.15575865e-01  1.29049301e-01  1.41742378e-01  1.53597489e-01
  5.20749688e-02  5.10174036e-02  4.47110124e-02  3.69510576e-02  2.89533902e-02
  2.06970237e-02  1.21680060e-02  3.35378060e-03 -5.75701194e-03 -1.51751498e-02
 -2.49116272e-02 -3.49790230e-02 -4.51586135e-02 -5.54637611e-02 -6.58982396e-02
 -7.64567405e-02 -8.71245191e-02 -9.78769213e-02 -1.08678855e-01 -1.19484432e-01
 -1.30236715e-01 -1.40867844e-01 -1.51299253e-01 -1.61442474e-01 -1.71200082e-01
 -1.80467248e-01 -1.89133584e-01 -1.97085381e-01 -2.04208314e-01 -2.10390240e-01
 -2.15524286e-01 -2.19511926e-01 -2.22265974e-01 -2.23713264e-01 -2.23796964e-01
 -2.22478256e-01 -2.19737485e-01 -2.15574399e-01 -2.10007757e-01 -2.03074157e-01
 -1.94826037e-01 -1.85329318e-01 -1.74660400e-01 -1.62902862e-01 -1.50144145e-01
 -1.36472136e-01 -1.21971831e-01 -1.06722474e-01 -9.07949060e-02 -7.42494240e-02
 -5.71342036e-02 -3.94841768e-02 -2.13201400e-02 -3.43723060e-03  1.41199837e-02
  3.13255452e-02  4.81555946e-02  6.45815209e-02  8.05666298e-02  9.60640907e-02
  1.11015633e-01  1.25351071e-01  1.38989344e-01  1.51841745e-01  1.63817748e-01
  5.28222546e-02  5.18611707e-02  4.59433198e-02  3.83436121e-02  3.05114873e-02
  2.24355087e-02  1.41027011e-02  5.50194178e-03 -3.37677565e-03 -1.25436895e-02
 -2.20112894e-02 -3.17979790e-02 -4.16920707e-02 -5.16861454e-02 -6.17756806e-02
 -7.19519928e-02 -8.21991041e-02 -9.24922377e-02 -1.02797009e-01 -1.13069005e-01
 -1.23253629e-01 -1.33286223e-01 -1.43092468e-01 -1.52589053e-01 -1.61684766e-01
 -1.70281917e-01 -1.78278074e-01 -1.85568258e-01 -1.92047283e-01 -1.97612435e-01
 -2.02166215e-01 -2.05619097e-01 -2.07892165e-01 -2.08919510e-01 -2.08650202e-01
 -2.07049727e-01 -2.04100877e-01 -1.99803919e-01 -1.94176078e-01 -1.87250376e-01
 -1.79073781e-01 -1.69704854e-01 -1.59210980e-01 -1.47665367e-01 -1.35143742e-01
 -1.21721216e-01 -1.07469149e-01 -9.24522430e-02 -7.67258182e-02 -6.03334419e-02
 -4.33046371e-02 -2.56527252e-02 -8.14099237e-03  9.20172501e-03  2.63474118e-02
  4.32703607e-02  5.99442907e-02  7.63385966e-02  9.24143717e-02  1.08120032e-01
  1.23386703e-01  1.38123676e-01  1.52215391e-01  1.65522709e-01  1.77891269e-01
  5.37367091e-02  5.29004596e-02  4.71557491e-02  3.97601835e-02  3.21462899e-02
  2.42942348e-02  1.61922630e-02  7.83474930e-03 -7.81659677e-04 -9.65953153e-03
 -1.88002642e-02 -2.82014627e-02 -3.78497615e-02 -4.75287475e-02 -5.72495200e-02
 -6.70097396e-02 -7.67961591e-02 -8.65855739e-02 -9.63451341e-02 -1.06032446e-01
 -1.15595669e-01 -1.24973811e-01 -1.34097219e-01 -1.42888263e-01 -1.51262492e-01
 -1.59129858e-01 -1.66396528e-01 -1.72966719e-01 -1.78744942e-01 -1.83638409e-01
 -1.87559426e-01 -1.90427810e-01 -1.92173272e-01 -1.92737356e-01 -1.92075163e-01
 -1.90156549e-01 -1.86966732e-01 -1.82506368e-01 -1.76790938e-01 -1.69849575e-01
 -1.61723316e-01 -1.52462825e-01 -1.42125785e-01 -1.30774006e-01 -1.18470356e-01
 -1.05275661e-01 -9.12457705e-02 -7.64286816e-02 -6.08618446e-02 -4.45695445e-02
 -2.75602527e-02 -1.05727464e-02  6.37236517e-03  2.32564379e-02  4.00627181e-02
  5.67758232e-02  7.33800977e-02  8.98567587e-02  1.06179692e-01  1.22309238e-01
  1.38183117e-01  1.53703466e-01  1.68720141e-01  1.83015525e-01  1.96306616e-01
  5.46863750e-02  5.39622791e-02  4.82506603e-02  4.11940813e-02  3.38733606e-02
  2.62743253e-02  1.84143633e-02  1.03062131e-02  1.95682165e-03 -6.63087284e-03
 -1.54566178e-02 -2.45221984e-02 -3.38317752e-02 -4.31429558e-02 -5.24585508e-02
 -6.17720559e-02 -7.10684434e-02 -8.03242251e-02 -8.95074010e-02 -9.85774100e-02
 -1.07485302e-01 -1.16173968e-01 -1.24578670e-01 -1.32627815e-01 -1.40243918e-01
 -1.47344947e-01 -1.53845787e-01 -1.59660131e-01 -1.64702311e-01 -1.68889523e-01
 -1.72143906e-01 -1.74394652e-01 -1.75579965e-01 -1.75648779e-01 -1.74562126e-01
 -1.72294065e-01 -1.68832123e-01 -1.64177254e-01 -1.58343077e-01 -1.51354820e-01
 -1.43247515e-01 -1.34063885e-01 -1.23851776e-01 -1.12661347e-01 -1.00542083e-01
 -8.75396878e-02 -7.36932158e-02 -5.90325072e-02 -4.35756296e-02 -2.73261815e-02
 -1.10005969e-02  5.38487453e-03  2.18178816e-02  3.82902101e-02  5.47980033e-02
  7.13417605e-02  8.79258439e-02  1.04557201e-01  1.21242844e-01  1.37985066e-01
  1.54772341e-01  1.71561435e-01  1.88239679e-01  2.04542354e-01  2.19915703e-01
  5.53528778e-02  5.46797886e-02  4.97145690e-02  4.29836400e-02  3.58440615e-02
  2.84193400e-02  2.07553003e-02  1.28719490e-02  4.77868179e-03 -3.52072786e-03
 -1.20265707e-02 -2.07436141e-02 -2.96838935e-02 -3.86125036e-02 -4.75116484e-02
 -5.63670881e-02 -6.51610792e-02 -7.38697201e-02 -8.24619681e-02 -9.08993334e-02
 -9.91359204e-02 -1.07118741e-01 -1.14788182e-01 -1.22078791e-01 -1.28920197e-01
 -1.35238349e-01 -1.40956879e-01 -1.45998761e-01 -1.50288001e-01 -1.53751507e-01
 -1.56320930e-01 -1.57934442e-01 -1.58538401e-01 -1.58088729e-01 -1.56552017e-01
 -1.53906256e-01 -1.50141060e-01 -1.45257547e-01 -1.39267564e-01 -1.32192537e-01
 -1.24061868e-01 -1.14910834e-01 -1.04778074e-01 -9.37027931e-02 -8.17214772e-02
 -6.88645095e-02 -5.51525690e-02 -4.05956246e-02 -2.51911711e-02 -9.63462982e-03
  6.05931971e-03  2.18805093e-02  3.78240980e-02  5.38915992e-02  7.00920448e-02
  8.64433721e-02  1.02973923e-01  1.19724222e-01  1.36748940e-01  1.54119208e-01
  1.71925411e-01  1.90281361e-01  2.09334686e-01  2.29312241e-01  2.50214785e-01
  5.79931512e-02  5.78439832e-02  5.24019003e-02  4.52564768e-02  3.80242951e-02
  3.06544732e-02  2.31286585e-02  1.54420519e-02  7.59410253e-03 -4.14608337e-04
 -8.58310889e-03 -1.69093907e-02 -2.53876876e-02 -3.40007544e-02 -4.25095409e-02
 -5.09171747e-02 -5.92126250e-02 -6.73751906e-02 -7.53762797e-02 -8.31801519e-02
 -9.07443985e-02 -9.80203524e-02 -1.04953699e-01 -1.11485139e-01 -1.17551349e-01
 -1.23086095e-01 -1.28021479e-01 -1.32289380e-01 -1.35822996e-01 -1.38558418e-01
 -1.40436187e-01 -1.41402796e-01 -1.41412109e-01 -1.40426397e-01 -1.38417259e-01
 -1.35366112e-01 -1.31264359e-01 -1.26113042e-01 -1.19922273e-01 -1.12710014e-01
 -1.04500629e-01 -9.53229889e-02 -8.52081552e-02 -7.41866082e-02 -6.22845106e-02
 -4.95195910e-02 -3.58875692e-02 -2.13742703e-02 -6.65354915e-03  8.26070085e-03
  2.33573206e-02  3.86295617e-02  5.40768020e-02  6.97063878e-02  8.55358168e-02
  1.01595417e-01  1.17931776e-01  1.34612426e-01  1.51732236e-01  1.69422597e-01
  1.87864825e-01  2.07310304e-01  2.28111759e-01  2.50767738e-01  2.74936438e-01
  5.97478338e-02  5.98397553e-02  5.43156788e-02  4.71933186e-02  4.00092080e-02
  3.27358954e-02  2.53594555e-02  1.78719740e-02  1.02697415e-02  2.55138287e-03
 -5.28356247e-03 -1.32359331e-02 -2.13089325e-02 -2.95128152e-02 -3.76026146e-02
 -4.55588214e-02 -5.33610880e-02 -6.09858707e-02 -6.84049651e-02 -7.55848736e-02
 -8.24866220e-02 -8.90659839e-02 -9.52739045e-02 -1.01057194e-01 -1.06359378e-01
 -1.11121684e-01 -1.15284219e-01 -1.18787207e-01 -1.21572331e-01 -1.23584069e-01
 -1.24771036e-01 -1.25087202e-01 -1.24493003e-01 -1.22956216e-01 -1.20452657e-01
 -1.16966486e-01 -1.12490289e-01 -1.07024729e-01 -1.00577936e-01 -9.31644738e-02
 -8.48041400e-02 -7.55204037e-02 -6.53386638e-02 -5.42854667e-02 -4.23823968e-02
 -2.96727084e-02 -1.60742868e-02 -2.22598459e-03  1.18618198e-02  2.61745695e-02
  4.06989343e-02  5.54258451e-02  7.03527480e-02  8.54857489e-02  1.00842081e-01
  1.16453201e-01  1.32368922e-01  1.48662969e-01  1.65440947e-01  1.82851598e-01
  2.01103017e-01  2.20484763e-01  2.41394266e-01  2.64355153e-01  2.88873971e-01
  6.05304129e-02  6.07590713e-02  5.56208864e-02  4.86494489e-02  4.16023321e-02
  3.44834775e-02  2.72896681e-02  2.00194586e-02  1.26731899e-02  5.25250053e-03
 -2.24014116e-03 -9.80166066e-03 -1.74280889e-02 -2.51132138e-02 -3.28443609e-02
 -4.03880663e-02 -4.77239229e-02 -5.48314787e-02 -6.16863556e-02 -6.82591200e-02
 -7.45152161e-02 -8.04152638e-02 -8.59155953e-02 -9.09690037e-02 -9.55255106e-02
 -9.95333567e-02 -1.02940030e-01 -1.05693355e-01 -1.07742660e-01 -1.09039888e-01
 -1.09540693e-01 -1.09205462e-01 -1.08000137e-01 -1.05896950e-01 -1.02874890e-01
 -9.89199281e-02 -9.40249935e-02 -8.81896019e-02 -8.14192817e-02 -7.37246573e-02
 -6.51201755e-02 -5.56236133e-02 -4.52500694e-02 -3.40357944e-02 -2.18956880e-02
 -9.40863602e-03  3.48238298e-03  1.67063680e-02  3.02163344e-02  4.39779237e-02
  5.79650737e-02  7.21588284e-02  8.65475535e-02  1.01128027e-01  1.15907140e-01
  1.30904198e-01  1.46154031e-01  1.61711007e-01  1.77654684e-01  1.94097832e-01
  2.11198941e-01  2.29183942e-01  2.48391286e-01  2.69377857e-01  2.91229367e-01
  6.11195453e-02  6.15240373e-02  5.64459972e-02  4.96266633e-02  4.27469499e-02
  3.58072408e-02  2.88119782e-02  2.17674598e-02  1.46805877e-02  7.55805010e-03
  4.06079780e-04 -6.76933397e-03 -1.39617864e-02 -2.11632382e-02 -2.83619016e-02
 -3.55387963e-02 -4.24325205e-02 -4.90407497e-02 -5.53481095e-02 -6.13310337e-02
 -6.69599175e-02 -7.22002909e-02 -7.70136788e-02 -8.13584626e-02 -8.51906911e-02
 -8.84649903e-02 -9.11354646e-02 -9.31566879e-02 -9.44846794e-02 -9.50777903e-02
 -9.48976129e-02 -9.39097553e-02 -9.20844600e-02 -8.93971175e-02 -8.58286396e-02
 -8.13655928e-02 -7.60001093e-02 -6.97295219e-02 -6.25556409e-02 -5.44846170e-02
 -4.55215573e-02 -3.56931835e-02 -2.49131173e-02 -1.37223164e-02 -2.06077611e-03
  1.00119328e-02  2.24570278e-02  3.52303460e-02  4.82896641e-02  6.15966320e-02
  7.51172453e-02  8.88222009e-02  1.02687426e-01  1.16694883e-01  1.30833581e-01
  1.45100757e-01  1.59503013e-01  1.74057484e-01  1.88792318e-01  2.03746393e-01
  2.18966678e-01  2.34500006e-01  2.50368387e-01  2.66462445e-01  2.81876206e-01
  6.12002350e-02  6.17543533e-02  5.67692183e-02  5.01251407e-02  4.34209630e-02
  3.66558358e-02  2.98477076e-02  2.30161212e-02  1.61773507e-02  9.34367627e-03
  2.52404972e-03 -4.27506585e-03 -1.10491272e-02 -1.77955832e-02 -2.45153327e-02
 -3.12174503e-02 -3.76343317e-02 -4.37371917e-02 -4.95033525e-02 -5.49089275e-02
 -5.99267147e-02 -6.45258725e-02 -6.86723366e-02 -7.23293871e-02 -7.54583851e-02
 -7.80195817e-02 -7.99728557e-02 -8.12786147e-02 -8.18985179e-02 -8.17962959e-02
 -8.09383243e-02 -7.92942271e-02 -7.68371895e-02 -7.35442713e-02 -6.93967119e-02
 -6.43801615e-02 -5.84844239e-02 -5.17037958e-02 -4.40323353e-02 -3.54855917e-02
 -2.59735994e-02 -1.60003379e-02 -5.50361443e-03  5.46511635e-03  1.68729145e-02
  2.86799334e-02  4.08447869e-02  5.33242263e-02  6.60742223e-02  7.90509358e-02
  9.22114924e-02  1.05514579e-01  1.18921109e-01  1.32394880e-01  1.45903111e-01
  1.59416899e-01  1.72910988e-01  1.86362758e-01  1.99749500e-01  2.13042766e-01
  2.26197764e-01  2.39134058e-01  2.51701772e-01  2.63630599e-01  2.74484396e-01
  6.04716018e-02  6.10622913e-02  5.65684475e-02  5.02152964e-02  4.36557159e-02
  3.69979069e-02  3.03173307e-02  2.36564856e-02  1.70394834e-02  1.04802912e-02
  3.98705201e-03 -2.43549235e-03 -8.78449809e-03 -1.50578618e-02 -2.12527663e-02
 -2.73625292e-02 -3.33680734e-02 -3.89922075e-02 -4.42327522e-02 -4.90747951e-02
 -5.34962639e-02 -5.74704744e-02 -6.09674826e-02 -6.39549494e-02 -6.63988888e-02
 -6.82643726e-02 -6.95161968e-02 -7.01195970e-02 -7.00408965e-02 -6.92481622e-02
 -6.77116290e-02 -6.54039159e-02 -6.22999333e-02 -5.83763085e-02 -5.36123253e-02
 -4.79911491e-02 -4.14959267e-02 -3.41306329e-02 -2.58002896e-02 -1.69720780e-02
 -7.57966843e-03  2.33539031e-03  1.27481977e-02  2.36262698e-02  3.49341966e-02
  4.66327518e-02  5.86791486e-02  7.10272193e-02  8.36277455e-02  9.64289010e-02
  1.09376736e-01  1.22415759e-01  1.35489613e-01  1.48541778e-01  1.61516279e-01
  1.74358159e-01  1.87013432e-01  1.99428052e-01  2.11545691e-01  2.23303229e-01
  2.34623969e-01  2.45408356e-01  2.55523860e-01  2.64799416e-01  2.73033977e-01
  6.11512400e-02  6.24262504e-02  5.73148802e-02  5.03500588e-02  4.35003266e-02
  3.67300510e-02  3.00646983e-02  2.35190187e-02  1.70998704e-02  1.08094355e-02
  4.64722328e-03 -1.38871698e-03 -7.30111450e-03 -1.30932713e-02 -1.87694971e-02
 -2.43368670e-02 -2.98103280e-02 -3.49122994e-02 -3.96159776e-02 -4.38968278e-02
 -4.77303639e-02 -5.10909408e-02 -5.39512895e-02 -5.62826060e-02 -5.80548085e-02
 -5.92369884e-02 -5.97979277e-02 -5.97066246e-02 -5.89329191e-02 -5.74481934e-02
 -5.52260391e-02 -5.22422604e-02 -4.84744199e-02 -4.38939333e-02 -3.84715386e-02
 -3.21988389e-02 -2.49751080e-02 -1.72318202e-02 -8.89748707e-03 -2.65649237e-06
  9.43758525e-03  1.94006786e-02  2.98608150e-02  4.07878011e-02  5.21469191e-02
  6.38985485e-02  7.59978592e-02  8.83945674e-02  1.01032734e-01  1.13850772e-01
  1.26781628e-01  1.39753193e-01  1.52689189e-01  1.65510178e-01  1.78135082e-01
  1.90482661e-01  2.02472955e-01  2.14028224e-01  2.25073069e-01  2.35533476e-01
  2.45334804e-01  2.54399270e-01  2.62644291e-01  2.69983411e-01  2.76331753e-01
  6.10387586e-02  6.28071353e-02  5.73429689e-02  4.96416911e-02  4.23666164e-02
  3.54229510e-02  2.87557039e-02  2.23328359e-02  1.61329731e-02  1.01399301e-02
  4.34060255e-03 -1.27583719e-03 -6.71825651e-03 -1.19937006e-02 -1.71073843e-02
 -2.20623240e-02 -2.68579405e-02 -3.14855017e-02 -3.56790461e-02 -3.94142009e-02
 -4.26701047e-02 -4.54252847e-02 -4.76566106e-02 -4.93392237e-02 -5.04468009e-02
 -5.09518944e-02 -5.08263595e-02 -5.00416644e-02 -4.85690199e-02 -4.63810302e-02
 -4.34541479e-02 -3.97681370e-02 -3.53295021e-02 -3.00826728e-02 -2.39111464e-02
 -1.72104947e-02 -9.90454853e-03 -2.01392802e-03  6.45556673e-03  1.54915517e-02
  2.50790529e-02  3.51993367e-02  4.58296053e-02  5.69423698e-02  6.85047731e-02
  8.04778039e-02  9.28154662e-02  1.05463862e-01  1.18360348e-01  1.31432891e-01
  1.44599631e-01  1.57769024e-01  1.70840681e-01  1.83707058e-01  1.96256146e-01
  2.08375111e-01  2.19954342e-01  2.30891794e-01  2.41096586e-01  2.50491679e-01
  2.59014964e-01  2.66619235e-01  2.73271173e-01  2.78950274e-01  2.83648759e-01
  5.80840372e-02  5.99160530e-02  5.45198843e-02  4.67441380e-02  3.94155458e-02
  3.25086303e-02  2.59788148e-02  1.97853427e-02  1.38933500e-02  8.27394705e-03
  2.90371221e-03 -2.23593879e-03 -7.15934671e-03 -1.18771018e-02 -1.63963437e-02
 -2.07207128e-02 -2.48497147e-02 -2.87770238e-02 -3.24871950e-02 -3.56808491e-02
 -3.83571237e-02 -4.05039936e-02 -4.21039648e-02 -4.31364179e-02 -4.35785949e-02
 -4.34058420e-02 -4.25925441e-02 -4.11124118e-02 -3.89322229e-02 -3.60165834e-02
 -3.23460512e-02 -2.78204549e-02 -2.27869842e-02 -1.71527918e-02 -1.08788703e-02
 -3.99550982e-03  3.49103939e-03  1.15733538e-02  2.02444531e-02  2.94957757e-02
  3.93164717e-02  4.96926121e-02  6.06064349e-02  7.20354095e-02  8.39511529e-02
  9.63181406e-02  1.09092169e-01  1.22218594e-01  1.35630444e-01  1.49246514e-01
  1.62969723e-01  1.76686138e-01  1.90265074e-01  2.03561112e-01  2.16418311e-01
  2.28676870e-01  2.40182102e-01  2.50794232e-01  2.60397941e-01  2.68909693e-01
  2.76281893e-01  2.82502979e-01  2.87594050e-01  2.91602671e-01  2.94595271e-01
  5.29755019e-02  5.48628271e-02  4.91271578e-02  4.14152071e-02  3.42661366e-02
  2.76191588e-02  2.14230753e-02  1.56263635e-02  1.01828957e-02  5.05417539e-03
  2.09547172e-04 -4.37455112e-03 -8.71566590e-03 -1.28264390e-02 -1.67156961e-02
 -2.03896165e-02 -2.38533672e-02 -2.71141026e-02 -3.01875584e-02 -3.27713527e-02
 -3.48324068e-02 -3.63488831e-02 -3.73014733e-02 -3.76711078e-02 -3.74384299e-02
 -3.65786366e-02 -3.50677073e-02 -3.29034366e-02 -3.00303455e-02 -2.63401996e-02
 -2.21567545e-02 -1.74018517e-02 -1.20760836e-02 -6.16351282e-03  3.48644884e-04
  7.46348267e-03  1.51823349e-02  2.35052463e-02  3.24312374e-02  4.19580005e-02
  5.20814396e-02  6.27950504e-02  7.40891472e-02  8.59497786e-02  9.83574241e-02
  1.11285210e-01  1.24696672e-01  1.38542905e-01  1.52759194e-01  1.67261004e-01
  1.81939706e-01  1.96658567e-01  2.11250052e-01  2.25515783e-01  2.39231393e-01
  2.52157629e-01  2.64057755e-01  2.74719536e-01  2.83976585e-01  2.91725308e-01
  2.97933638e-01  3.02640706e-01  3.05947065e-01  3.07998002e-01  3.08962375e-01
  4.45152447e-02  4.61600684e-02  4.07985374e-02  3.33757475e-02  2.66443118e-02
  2.05172040e-02  1.49005111e-02  9.71483532e-03  4.89829620e-03  4.04755527e-04
 -3.79919424e-03 -7.73709547e-03 -1.14249680e-02 -1.48731284e-02 -1.80875771e-02
 -2.10710578e-02 -2.38237493e-02 -2.63432637e-02 -2.86226440e-02 -3.06423753e-02
 -3.20865996e-02 -3.29561494e-02 -3.32389772e-02 -3.29202004e-02 -3.20022516e-02
 -3.04380935e-02 -2.81312335e-02 -2.53680367e-02 -2.20645685e-02 -1.81811526e-02
 -1.37349190e-02 -8.72050133e-03 -3.13126785e-03  3.04192654e-03  9.80844721e-03
  1.71763711e-02  2.51528695e-02  3.37444805e-02  4.29572277e-02  5.27965911e-02
  6.32672906e-02  7.43728951e-02  8.61152336e-02  9.84934717e-02  1.11502796e-01
  1.25132546e-01  1.39363483e-01  1.54164165e-01  1.69485748e-01  1.85255393e-01
  2.01367438e-01  2.17673168e-01  2.33969465e-01  2.49989569e-01  2.65401304e-01
  2.79820442e-01  2.92845637e-01  3.04110318e-01  3.13335806e-01  3.20368737e-01
  3.25197756e-01  3.27951014e-01  3.28875393e-01  3.28296423e-01  3.26563805e-01
  3.27463299e-02  3.40076350e-02  2.88740750e-02  2.21105590e-02  1.62581131e-02
  1.10695278e-02  6.37289975e-03  2.06236681e-03 -1.92688103e-03 -5.63474791e-03
 -9.08562075e-03 -1.22938165e-02 -1.52668338e-02 -1.80073567e-02 -2.05145609e-02
 -2.27850731e-02 -2.48139240e-02 -2.65960246e-02 -2.81294510e-02 -2.94238534e-02
 -3.01646031e-02 -3.03414073e-02 -2.99140736e-02 -2.88011953e-02 -2.72627734e-02
 -2.52258759e-02 -2.26549767e-02 -1.95628610e-02 -1.59394257e-02 -1.17722126e-02
 -7.05367560e-03 -1.77527976e-03  4.07252321e-03  1.05003146e-02  1.75193567e-02
  2.51412969e-02  3.33781540e-02  4.22424451e-02  5.17473184e-02  6.19067140e-02
  7.27354139e-02  8.42490494e-02  9.64639559e-02  1.09396741e-01  1.23063564e-01
  1.37478814e-01  1.52652875e-01  1.68588653e-01  1.85276046e-01  2.02683359e-01
  2.20744461e-01  2.39339650e-01  2.58267969e-01  2.77210087e-01  2.95687079e-01
  3.13041329e-01  3.28495950e-01  3.41317594e-01  3.50982547e-01  3.57242733e-01
  3.60122919e-01  3.59912962e-01  3.57157350e-01  3.52583706e-01  3.46933603e-01
  1.58121847e-02  1.60130151e-02  1.17257498e-02  7.07857544e-03  3.12032457e-03
 -5.02957497e-04 -3.88903450e-03 -7.07414700e-03 -1.00712702e-02 -1.28828166e-02
 -1.55057963e-02 -1.79341454e-02 -2.01598033e-02 -2.21731532e-02 -2.39630640e-02
 -2.55166162e-02 -2.68184301e-02 -2.78492309e-02 -2.85828114e-02 -2.89789885e-02
 -2.89664082e-02 -2.85007283e-02 -2.75514275e-02 -2.61030309e-02 -2.41746865e-02
 -2.17606649e-02 -1.88505128e-02 -1.54364416e-02 -1.15086613e-02 -7.05619110e-03
 -2.06784904e-03  3.46808764e-03  9.56408214e-03  1.62334554e-02  2.34904587e-02
  3.13503630e-02  3.98296490e-02  4.89462763e-02  5.87200597e-02  6.91730976e-02
  8.03302601e-02  9.22197402e-02  1.04873598e-01  1.18328333e-01  1.32625327e-01
  1.47811100e-01  1.63937047e-01  1.81058392e-01  1.99231401e-01  2.18507811e-01
  2.38924101e-01  2.60482013e-01  2.83113331e-01  3.06613356e-01  3.30505252e-01
  3.53743374e-01  3.74400437e-01  3.90561968e-01  4.01370496e-01  4.06616658e-01
  4.06395465e-01  4.01111633e-01  3.91742676e-01  3.80201101e-01  3.68500292e-01
 -6.50667492e-03 -8.91750958e-03 -9.31638759e-03 -9.96102672e-03 -1.13949236e-02
 -1.31906839e-02 -1.51454620e-02 -1.71476267e-02 -1.91265382e-02 -2.10327059e-02
 -2.28288192e-02 -2.44851038e-02 -2.59765759e-02 -2.72811893e-02 -2.83784475e-02
 -2.92481929e-02 -2.98694596e-02 -3.02192681e-02 -3.02713513e-02 -2.99951341e-02
 -2.93564480e-02 -2.83251461e-02 -2.68770847e-02 -2.49949880e-02 -2.26682108e-02
 -1.98858138e-02 -1.66361537e-02 -1.29073681e-02 -8.68700165e-03 -3.96197010e-03
  1.28137378e-03  7.05730263e-03  1.33808237e-02  2.02678256e-02  2.77352706e-02
  3.58014666e-02  4.44864258e-02  5.38123548e-02  6.38042763e-02  7.44908080e-02
  8.59051123e-02  9.80860367e-02  1.11079536e-01  1.24940373e-01  1.39734209e-01
  1.55540153e-01  1.72453806e-01  1.90590918e-01  2.10091382e-01  2.31123194e-01
  2.53885508e-01  2.78608590e-01  3.05549353e-01  3.34983170e-01  3.67216021e-01
  4.02766883e-01  4.34399307e-01  4.55355316e-01  4.67331022e-01  4.71211791e-01
  4.66245443e-01  4.53120470e-01  4.30711359e-01  4.05674130e-01  3.86324733e-01
 -2.25874800e-02 -2.58575510e-02 -2.56418362e-02 -2.49845255e-02 -2.50481162e-02
 -2.56055463e-02 -2.64735799e-02 -2.75157019e-02 -2.86314599e-02 -2.97460333e-02
 -3.08025628e-02 -3.17567773e-02 -3.25731747e-02 -3.32222469e-02 -3.36783603e-02
 -3.39181423e-02 -3.39192003e-02 -3.36591788e-02 -3.31151076e-02 -3.22632715e-02
 -3.10797859e-02 -2.95420699e-02 -2.76297797e-02 -2.53251102e-02 -2.26123836e-02
 -1.94768272e-02 -1.59038696e-02 -1.18788173e-02 -7.38664204e-03 -2.41186703e-03
  3.06146918e-03  9.04985610e-03  1.55703891e-02  2.26409063e-02  3.02802175e-02
  3.85084525e-02  4.73475382e-02  5.68218529e-02  6.69590607e-02  7.77911544e-02
  8.93557593e-02  1.01697765e-01  1.14871360e-01  1.28942683e-01  1.43993244e-01
  1.60124481e-01  1.77464023e-01  1.96174219e-01  2.16464177e-01  2.38606468e-01
  2.62960047e-01  2.90000170e-01  3.20351928e-01  3.54818642e-01  3.94396067e-01
  4.36938763e-01  4.69035655e-01  4.90444183e-01  5.01785100e-01  5.02617896e-01
  4.93237585e-01  4.72067237e-01  4.41075146e-01  4.14268821e-01  3.92520964e-01
 -3.47764492e-02 -3.85773592e-02 -3.83726433e-02 -3.74687314e-02 -3.70732285e-02
 -3.70664783e-02 -3.73312198e-02 -3.77615280e-02 -3.82683463e-02 -3.87797542e-02
 -3.92388441e-02 -3.96007188e-02 -3.98295820e-02 -3.98961231e-02 -3.97754647e-02
 -3.94455455e-02 -3.88859510e-02 -3.80771272e-02 -3.69998813e-02 -3.56352217e-02
 -3.39644365e-02 -3.19693536e-02 -2.96325386e-02 -2.69372724e-02 -2.38673296e-02
 -2.04065908e-02 -1.65387131e-02 -1.22469217e-02 -7.51393707e-03 -2.32198439e-03
  3.34712001e-03  9.51187126e-03  1.61910225e-02  2.34036148e-02  3.11691593e-02
  3.95079739e-02  4.84417230e-02  5.79941645e-02  6.81921020e-02  7.90665895e-02
  9.06543434e-02  1.02999575e-01  1.16156124e-01  1.30190313e-01  1.45184577e-01
  1.61242515e-01  1.78495854e-01  1.97114497e-01  2.17321724e-01  2.39417568e-01
  2.63816774e-01  2.91112423e-01  3.22181791e-01  3.58325362e-01  4.00962919e-01
  4.38482314e-01  4.66427714e-01  4.84907657e-01  4.93650824e-01  4.92592871e-01
  4.79917467e-01  4.54560369e-01  4.27258462e-01  4.04347420e-01  3.84962559e-01
 -4.42342572e-02 -4.84981947e-02 -4.87984568e-02 -4.80803512e-02 -4.77115251e-02
 -4.76054884e-02 -4.76668887e-02 -4.78090458e-02 -4.79594916e-02 -4.80609313e-02
 -4.80694212e-02 -4.79514450e-02 -4.76809107e-02 -4.72365953e-02 -4.66002822e-02
 -4.57554460e-02 -4.46864963e-02 -4.33783494e-02 -4.18162085e-02 -3.99854928e-02
 -3.78717706e-02 -3.54607031e-02 -3.27378809e-02 -2.96885706e-02 -2.62974165e-02
 -2.25481410e-02 -1.84233319e-02 -1.39043927e-02 -8.97166692e-03 -3.60471825e-03
  2.21727043e-03  8.51506181e-03  1.53089892e-02  2.26187333e-02  3.04633211e-02
  3.88614014e-02  4.78318147e-02  5.73944077e-02  6.75711110e-02  7.83871859e-02
  8.98725986e-02  1.02063648e-01  1.15004696e-01  1.28750294e-01  1.43367752e-01
  1.58940360e-01  1.75571695e-01  1.93391517e-01  2.12563843e-01  2.33298987e-01
  2.55872041e-01  2.80654550e-01  3.08181137e-01  3.39377016e-01  3.72623116e-01
  4.00427878e-01  4.21713114e-01  4.36034799e-01  4.43247944e-01  4.42202330e-01
  4.32490021e-01  4.14692044e-01  3.97372216e-01  3.81373674e-01  3.66829813e-01
 -5.19937016e-02 -5.68378977e-02 -5.75799756e-02 -5.73601685e-02 -5.74018285e-02
 -5.75702935e-02 -5.77528588e-02 -5.78666329e-02 -5.78573719e-02 -5.76928481e-02
 -5.73552027e-02 -5.68344779e-02 -5.61240315e-02 -5.52177206e-02 -5.41085117e-02
 -5.27880900e-02 -5.12470715e-02 -4.94754650e-02 -4.74631339e-02 -4.52000760e-02
 -4.26764637e-02 -3.98823954e-02 -3.68074290e-02 -3.34399678e-02 -2.97666173e-02
 -2.57716626e-02 -2.14367695e-02 -1.67409983e-02 -1.16612036e-02 -6.17276272e-03
 -2.50581157e-04  6.12978730e-03  1.29911005e-02  2.03536674e-02  2.82350089e-02
  3.66500542e-02  4.56118137e-02  5.51324822e-02  6.52247742e-02  7.59033337e-02
  8.71861354e-02  9.90956575e-02  1.11659944e-01  1.24913491e-01  1.38897881e-01
  1.53662235e-01  1.69263259e-01  1.85764253e-01  2.03232303e-01  2.21731246e-01
  2.41305128e-01  2.61939466e-01  2.83469707e-01  3.05383891e-01  3.26562941e-01
  3.45428377e-01  3.60771567e-01  3.71840745e-01  3.78205061e-01  3.79728884e-01
  3.76714438e-01  3.70242476e-01  3.61785501e-01  3.52484852e-01  3.43036085e-01
 -5.76945618e-02 -6.32245243e-02 -6.48997873e-02 -6.57212958e-02 -6.66953847e-02
 -6.75535351e-02 -6.81413934e-02 -6.83973581e-02 -6.83177859e-02 -6.79269284e-02
 -6.72573447e-02 -6.63390383e-02 -6.51942715e-02 -6.38361871e-02 -6.22696057e-02
 -6.04931004e-02 -5.85014522e-02 -5.62879108e-02 -5.38458861e-02 -5.11698835e-02
 -4.82556485e-02 -4.50995341e-02 -4.16973792e-02 -3.80430520e-02 -3.41270231e-02
 -2.99351569e-02 -2.54480205e-02 -2.06408147e-02 -1.54840844e-02 -9.94522776e-03
 -3.99068510e-03  2.41152593e-03  9.28935222e-03  1.66648235e-02  2.45531034e-02
  3.29626761e-02  4.18965518e-02  5.13542593e-02  6.13341294e-02  7.18353987e-02
  8.28598589e-02  9.44127440e-02  1.06503002e-01  1.19142875e-01  1.32346794e-01
  1.46129534e-01  1.60503179e-01  1.75472319e-01  1.91026375e-01  2.07127273e-01
  2.23689914e-01  2.40552798e-01  2.57439524e-01  2.73923695e-01  2.89431483e-01
  3.03317428e-01  3.14988077e-01  3.23997259e-01  3.30093414e-01  3.33246678e-01
  3.33667457e-01  3.31787109e-01  3.28164399e-01  3.23356479e-01  3.17830801e-01
 -6.03562407e-02 -6.64493591e-02 -7.05064088e-02 -7.38114342e-02 -7.66711608e-02
 -7.86996931e-02 -7.98211247e-02 -8.01564679e-02 -7.98656642e-02 -7.90944323e-02
 -7.79596567e-02 -7.65458569e-02 -7.49064535e-02 -7.30685219e-02 -7.10396543e-02
 -6.88154176e-02 -6.63860738e-02 -6.37418479e-02 -6.08764365e-02 -5.77886365e-02
 -5.44822440e-02 -5.09643331e-02 -4.72424179e-02 -4.33211252e-02 -3.91989984e-02
 -3.48659195e-02 -3.03014014e-02 -2.54740193e-02 -2.03423053e-02 -1.48574458e-02
 -8.96782614e-03 -2.62479112e-03  4.21163393e-03  1.15683554e-02  1.94570515e-02
  2.78746374e-02  3.68062221e-02  4.62298058e-02  5.61213605e-02  6.64589629e-02
  7.72250965e-02  8.84072259e-02  9.99968797e-02  1.11987874e-01  1.24373831e-01
  1.37144983e-01  1.50284231e-01  1.63762018e-01  1.77529559e-01  1.91510350e-01
  2.05589697e-01  2.19603777e-01  2.33331054e-01  2.46492133e-01  2.58764088e-01
  2.69811600e-01  2.79328406e-01  2.87077338e-01  2.92920351e-01  2.96835035e-01
  2.98916012e-01  2.99358159e-01  2.98423201e-01  2.96398222e-01  2.93559343e-01
 -6.21322468e-02 -6.91590980e-02 -7.62887523e-02 -8.36333930e-02 -9.05622095e-02
 -9.33955833e-02 -9.43589509e-02 -9.40961316e-02 -9.30173248e-02 -9.14147794e-02
 -8.94945338e-02 -8.73864070e-02 -8.51534382e-02 -8.28078389e-02 -8.03304687e-02
 -7.76885003e-02 -7.48486519e-02 -7.17859641e-02 -6.84889928e-02 -6.49619848e-02
 -6.12237565e-02 -5.73032051e-02 -5.32321297e-02 -4.90374863e-02 -4.47348170e-02
 -4.03236412e-02 -3.57842371e-02 -3.10753770e-02 -2.61336900e-02 -2.08769031e-02
 -1.52131841e-02 -9.05547291e-03 -2.33579380e-03  4.98482026e-03  1.29118841e-02
  2.14185026e-02  3.04527692e-02  3.99508215e-02  4.98507544e-02  6.01016283e-02
  7.06658587e-02  8.15171376e-02  9.26365703e-02  1.04008511e-01  1.15616590e-01
  1.27439991e-01  1.39449686e-01  1.51604518e-01  1.63846940e-01  1.76098675e-01
  1.88256785e-01  2.00190857e-01  2.11743191e-01  2.22733200e-01  2.32967451e-01
  2.42254779e-01  2.50424504e-01  2.57344157e-01  2.62933791e-01  2.67173648e-01
  2.70104915e-01  2.71822006e-01  2.72459328e-01  2.72174209e-01  2.71130413e-01
 -6.43516853e-02 -7.26223215e-02 -8.19634497e-02 -9.28576887e-02 -1.05125144e-01
 -1.12246566e-01 -1.13009483e-01 -1.10701345e-01 -1.07777961e-01 -1.04592524e-01
 -1.01425000e-01 -9.84174460e-02 -9.55728814e-02 -9.28077027e-02 -9.00085866e-02
 -8.70681629e-02 -8.39010030e-02 -8.04503188e-02 -7.66926333e-02 -7.26420134e-02
 -6.83503300e-02 -6.38971105e-02 -5.93688712e-02 -5.48380539e-02 -5.03514484e-02
 -4.59272712e-02 -4.15540412e-02 -3.71851400e-02 -3.27270292e-02 -2.80290451e-02
 -2.28992980e-02 -1.71554387e-02 -1.06682498e-02 -3.37393559e-03  4.72342642e-03
  1.35459630e-02  2.29495186e-02  3.27686928e-02  4.28709611e-02  5.31733185e-02
  6.36302829e-02  7.42179826e-02  8.49225745e-02  9.57328677e-02  1.06635414e-01
  1.17611080e-01  1.28632322e-01  1.39660895e-01  1.50645703e-01  1.61521330e-01
  1.72206998e-01  1.82606891e-01  1.92612022e-01  2.02104330e-01  2.10962906e-01
  2.19072044e-01  2.26330146e-01  2.32658327e-01  2.38007158e-01  2.42360547e-01
  2.45736182e-01  2.48182535e-01  2.49772877e-01  2.50597715e-01  2.50756681e-01
 -6.48135468e-02 -7.34976530e-02 -8.35198835e-02 -9.54742730e-02 -1.09818839e-01
 -1.20826945e-01 -1.26823038e-01 -1.27580822e-01 -1.23067610e-01 -1.17201552e-01
 -1.12314485e-01 -1.08518042e-01 -1.05460227e-01 -1.02728888e-01 -1.00002393e-01
 -9.70616043e-02 -9.37579200e-02 -8.99910852e-02 -8.57075974e-02 -8.09218585e-02
 -7.57533684e-02 -7.04264417e-02 -6.51742667e-02 -6.01489358e-02 -5.54244295e-02
 -5.10316379e-02 -4.69807126e-02 -4.32643034e-02 -3.98303419e-02 -3.64520550e-02
 -3.25418189e-02 -2.76354589e-02 -2.15646587e-02 -1.42549230e-02 -5.67970099e-03
  4.07184381e-03  1.45500163e-02  2.51777079e-02  3.57537903e-02  4.62463647e-02
  5.66649251e-02  6.70273006e-02  7.73489177e-02  8.76386762e-02  9.78972092e-02
  1.08115964e-01  1.18276626e-01  1.28350705e-01  1.38299257e-01  1.48072928e-01
  1.57612413e-01  1.66849717e-01  1.75710127e-01  1.84115320e-01  1.91987187e-01
  1.99252471e-01  2.05847502e-01  2.11722583e-01  2.16845527e-01  2.21203700e-01
  2.24804401e-01  2.27673620e-01  2.29853317e-01  2.31397703e-01  2.32369140e-01
 -6.28193393e-02 -7.08937794e-02 -7.99276009e-02 -9.00550187e-02 -1.01269588e-01
 -1.13300383e-01 -1.24042213e-01 -1.29795641e-01 -1.29979596e-01 -1.24114595e-01
 -1.18579172e-01 -1.15719832e-01 -1.14157028e-01 -1.12576827e-01 -1.10633738e-01
 -1.08168237e-01 -1.05052128e-01 -1.01152964e-01 -9.63206813e-02 -9.03953463e-02
 -8.33444968e-02 -7.61670619e-02 -6.97235167e-02 -6.40246496e-02 -5.90091497e-02
 -5.46443462e-02 -5.09452075e-02 -4.79897484e-02 -4.59541455e-02 -4.51444089e-02
 -4.32165973e-02 -3.94039303e-02 -3.39189917e-02 -2.66086664e-02 -1.73915587e-02
 -5.98855689e-03  6.75295806e-03  1.84560716e-02  2.95048710e-02  4.01116796e-02
  5.04071191e-02  6.04758747e-02  7.03726634e-02  8.01307783e-02  8.97670612e-02
  9.92849916e-02  1.08676597e-01  1.17923826e-01  1.26999572e-01  1.35868669e-01
  1.44489050e-01  1.52813092e-01  1.60789490e-01  1.68365359e-01  1.75488874e-01
  1.82111889e-01  1.88192785e-01  1.93698838e-01  1.98608190e-01  2.02911034e-01
  2.06609935e-01  2.09719300e-01  2.12264135e-01  2.14278072e-01  2.15801224e-01
 -5.88502400e-02 -6.58127666e-02 -7.33242333e-02 -8.13591704e-02 -8.98140669e-02
 -9.84913111e-02 -1.07103229e-01 -1.15291528e-01 -1.20214276e-01 -1.18050680e-01
 -1.15453310e-01 -1.15703486e-01 -1.17141560e-01 -1.17283247e-01 -1.16445586e-01
 -1.14716738e-01 -1.12046868e-01 -1.08315699e-01 -1.03313014e-01 -9.66328308e-02
 -8.75142962e-02 -7.84849450e-02 -7.12332502e-02 -6.51840419e-02 -6.00543357e-02
 -5.57240285e-02 -5.21804318e-02 -4.95090336e-02 -4.79133129e-02 -4.76590656e-02
 -4.63002473e-02 -4.29277197e-02 -3.77361961e-02 -3.06398738e-02 -2.15018280e-02
 -1.00096036e-02  2.79537379e-03  1.44404154e-02  2.52728201e-02  3.55440453e-02
  4.54156622e-02  5.49916141e-02  6.43384233e-02  7.34970495e-02  8.24900046e-02
  9.13258642e-02  1.00002199e-01  1.08507603e-01  1.16823189e-01  1.24923922e-01
  1.32779807e-01  1.40357211e-01  1.47620261e-01  1.54532447e-01  1.61058307e-01
  1.67165115e-01  1.72824576e-01  1.78014264e-01  1.82718739e-01  1.86930329e-01
  1.90649405e-01  1.93884090e-01  1.96649715e-01  1.98967755e-01  2.00864658e-01
  1.10371840e+00  1.12362254e+00  1.13747299e+00  1.15454853e+00  1.17182446e+00
  1.18986511e+00  1.20843589e+00  1.22770190e+00  1.24814355e+00  1.26823378e+00
  1.28907883e+00  1.31088603e+00  1.33308351e+00  1.35599220e+00  1.37966120e+00
  1.40440249e+00  1.42969227e+00  1.45566273e+00  1.48263335e+00  1.51053631e+00
  1.53938830e+00  1.56914186e+00  1.59984076e+00  1.63165641e+00  1.66464436e+00
  1.69873452e+00  1.73400748e+00  1.77055144e+00  1.80844593e+00  1.84775090e+00
  1.88846493e+00  1.93080711e+00  1.97476172e+00  2.02028608e+00  2.06778502e+00
  2.11713266e+00  2.16847563e+00  2.22200322e+00  2.27755833e+00  2.33576655e+00
  2.39637351e+00  2.45964670e+00  2.52580667e+00  2.59493828e+00  2.66754842e+00
  2.74336219e+00  2.82304478e+00  2.90666676e+00  2.99469018e+00  3.08719206e+00
  3.18465328e+00  3.28802204e+00  3.39725137e+00  3.51331043e+00  3.63770747e+00
  3.77058649e+00  3.91301322e+00  4.06775951e+00  4.23581648e+00  4.42371845e+00
  4.63498354e+00  4.88591290e+00  5.19464827e+00  5.64468956e+00  7.88900232e+00
   85  117
  1.09448230e+00 -1.00000001e-01  1.09926116e+00  0.00000000e+00  1.10562503e+00
  6.71724379e-02  1.11636126e+00  1.50000006e-01  1.13218749e+00  2.39165798e-01
  1.14490891e+00  3.00000012e-01  1.15875006e+00  3.58183086e-01  1.18358982e+00
  4.49999988e-01  1.19860053e+00  5.00000000e-01  1.21416545e+00  5.50000012e-01
  1.23843753e+00  6.29010737e-01  1.26097417e+00  6.99999988e-01  1.27718520e+00
  7.50000000e-01  1.29302120e+00  8.00000012e-01  1.31812501e+00  8.88557673e-01
  1.33918977e+00  9.51010644e-01  1.35554457e+00  1.00202119e+00  1.39781249e+00
  9.86960232e-01  1.44665134e+00  9.49999988e-01  1.47749996e+00  9.31875646e-01
  1.52084291e+00  8.99999976e-01  1.55718756e+00  8.76028240e-01  1.59130514e+00
  8.50000024e-01  1.63687503e+00  8.16513836e-01  1.66343749e+00  7.95144200e-01
  1.71656251e+00  7.54261076e-01  1.74312496e+00  7.32591033e-01  1.78152072e+00
  6.99999988e-01  1.82281256e+00  6.65237367e-01  1.84937501e+00  6.41277790e-01
  1.89410233e+00  6.00000024e-01  1.92906249e+00  5.67042768e-01  1.95562506e+00
  5.39999366e-01  1.99324787e+00  5.00000000e-01  2.03531241e+00  4.51707304e-01
  2.06187510e+00  4.17429715e-01  2.08843756e+00  3.80213410e-01  2.11500001e+00
  3.39693457e-01  2.14156246e+00  2.95202255e-01  2.16812491e+00  2.45488808e-01
  2.19468760e+00  1.87969282e-01  2.22125006e+00  1.16469592e-01  2.23844934e+00
  5.00000007e-02  2.24781251e+00 -1.71545204e-02  2.25036311e+00 -1.00000001e-01
  2.24540877e+00 -1.50000006e-01  2.22742081e+00 -2.50000000e-01  2.21377444e+00
 -3.00000012e-01  2.19468760e+00 -3.60395104e-01  2.16812491e+00 -4.28481370e-01
  2.14156246e+00 -4.86217886e-01  2.11500001e+00 -5.36235154e-01  2.08843756e+00
 -5.80299199e-01  2.06187510e+00 -6.19657457e-01  2.03531241e+00 -6.55096889e-01
  1.99670613e+00 -6.99999988e-01  1.95562506e+00 -7.43296981e-01  1.92906249e+00
 -7.69458890e-01  1.89438236e+00 -8.00000012e-01  1.84937501e+00 -8.37183475e-01
  1.82281256e+00 -8.57159138e-01  1.76968753e+00 -8.91262770e-01  1.74312496e+00
 -9.06813323e-01  1.69000006e+00 -9.31890249e-01  1.64064348e+00 -9.49999988e-01
  1.61031246e+00 -9.58915591e-01  1.55718756e+00 -9.67888772e-01  1.50406253e+00
 -9.69653904e-01  1.45093751e+00 -9.63476956e-01  1.40773177e+00 -9.49999988e-01
  1.37125003e+00 -9.33227122e-01  1.32546449e+00 -8.99999976e-01  1.29156256e+00
 -8.65163505e-01  1.26499999e+00 -8.28114450e-01  1.23843753e+00 -7.82135427e-01
  1.21187496e+00 -7.27720261e-01  1.18531251e+00 -6.65342093e-01  1.16111445e+00
 -6.00000024e-01  1.14428627e+00 -5.50000012e-01  1.12977827e+00 -5.00000000e-01
  1.10923600e+00 -4.00000006e-01  1.10236335e+00 -3.49999994e-01  1.09529579e+00
 -2.50000000e-01  1.09373105e+00 -1.50000006e-01  1.09448230e+00 -1.00000001e-01
  1.01600003e+00  0.00000000e+00  1.01600003e+00  9.63999987e-01  1.01600003e+00
  9.67999995e-01  1.01600003e+00  1.00100005e+00  1.01600003e+00  1.01900005e+00
  1.01600003e+00  1.07700002e+00  1.01600003e+00  1.07000005e+00  1.01600003e+00
  1.09599996e+00  1.01600003e+00  1.11300004e+00  1.01600003e+00  1.13800001e+00
  1.01600003e+00  1.14699996e+00  1.01199996e+00  1.16499996e+00  1.00100005e+00
  1.21700001e+00  1.02900004e+00  1.21700001e+00  1.04200006e+00  1.16240001e+00
  1.04600000e+00  1.16237998e+00  1.05599999e+00  1.16260004e+00  1.09700000e+00
  1.16450000e+00  1.10800004e+00  1.16594005e+00  1.11600006e+00  1.16591001e+00
  1.13399994e+00  1.16895998e+00  1.14800000e+00  1.17174995e+00  1.16199994e+00
  1.17556000e+00  1.18099999e+00  1.18299997e+00  1.18200004e+00  1.18350005e+00
  1.18499994e+00  1.18499994e+00  1.19000006e+00  1.18799996e+00  1.19500005e+00
  1.19099998e+00  1.20099998e+00  1.19599998e+00  1.20899999e+00  1.20200002e+00
  1.21500003e+00  1.20799994e+00  1.22200000e+00  1.21399999e+00  1.22800004e+00
  1.22099996e+00  1.23399997e+00  1.23099995e+00  1.23899996e+00  1.23800004e+00
  1.24199998e+00  1.24399996e+00  1.24800003e+00  1.25399995e+00  1.25800002e+00
  1.27800000e+00  1.26300001e+00  1.28999996e+00  1.27999997e+00  1.33099997e+00
  1.27999997e+00  1.34700000e+00  1.27999997e+00  1.34800005e+00  1.30999994e+00
  1.34800005e+00  1.32799995e+00  1.34800005e+00  1.36099994e+00  1.34800005e+00
  1.38000000e+00  1.34800005e+00  1.41900003e+00  1.34800005e+00  1.41900003e+00
  1.30999994e+00  1.37199998e+00  1.30999994e+00  1.37167001e+00  1.29237998e+00
  1.37003005e+00  1.28268003e+00  1.36688006e+00  1.25644004e+00  1.36719000e+00
  1.22955000e+00  1.37178004e+00  1.19576001e+00  1.37223995e+00  1.19402003e+00
  1.38662004e+00  1.16487002e+00  1.38707995e+00  1.16420996e+00  1.40382004e+00
  1.15696001e+00  1.41127002e+00  1.15730000e+00  1.41857004e+00  1.16131997e+00
  1.42100000e+00  1.16400003e+00  1.48662996e+00  1.24049997e+00  1.49730003e+00
  1.23458004e+00  1.49761999e+00  1.23427999e+00  1.49744999e+00  1.23174000e+00
  1.49275005e+00  1.21329999e+00  1.49259996e+00  1.21061003e+00  1.49260998e+00
  1.20485997e+00  1.49278998e+00  1.20213997e+00  1.49339998e+00  1.19641995e+00
  1.49469995e+00  1.18510997e+00  1.49621999e+00  1.16069996e+00  1.47981000e+00
  1.12425995e+00  1.48081994e+00  1.12256002e+00  1.48149002e+00  1.12137997e+00
  1.48645997e+00  1.11691999e+00  1.49094999e+00  1.11439002e+00  1.50304997e+00
  1.11243999e+00  1.59696996e+00  1.09489000e+00  1.62549996e+00  1.08529997e+00
  1.63751996e+00  1.07988000e+00  1.64699996e+00  1.07700002e+00  1.78499997e+00
  1.07700002e+00  2.06999993e+00  1.03999996e+00  2.12800002e+00  9.92999971e-01
  2.24499989e+00  7.08999991e-01  2.33956003e+00  4.61430013e-01  2.34707999e+00
  4.15829986e-01  2.34912992e+00  2.72179991e-01  2.35103011e+00  1.70179993e-01
  2.35157990e+00  7.01199993e-02  2.35124993e+00 -3.17899995e-02  2.35050988e+00
 -1.44350007e-01  2.34964991e+00 -2.14829996e-01  2.34870005e+00 -3.26689988e-01
  2.34759998e+00 -3.86770010e-01  2.34019995e+00 -4.53040004e-01  2.32942009e+00
 -4.77569997e-01  2.13400006e+00 -9.72999990e-01  1.78600001e+00 -1.17400002e+00
  1.76800001e+00 -1.21099997e+00  1.76800001e+00 -1.25000000e+00  1.68200004e+00
 -1.25000000e+00  1.37199998e+00 -1.25000000e+00  1.37199998e+00 -1.32900000e+00
  1.41999996e+00 -1.32900000e+00  1.41999996e+00 -1.36300004e+00  1.27300000e+00
 -1.36300004e+00  1.15300000e+00 -1.36300004e+00  1.01600003e+00 -1.22300005e+00
  1.01600003e+00 -1.22300005e+00  1.01600003e+00 -8.29999983e-01  1.01600003e+00
 -8.00000012e-01  1.01600003e+00 -4.14999992e-01  1.01600003e+00 -4.00000006e-01
  1.01600003e+00 -1.00000005e-03  1.01600003e+00  0.00000000e+00
    0 0.000000000e+00    0
  0.00000000e+00  8.51192698e-02  1.21161409e-01  1.48981690e-01  1.72779456e-01
  1.93969369e-01  2.13374391e-01  2.31417686e-01  2.47253194e-01  2.63372511e-01
  2.78975695e-01  2.93999344e-01  3.08498114e-01  3.22531581e-01  3.36258352e-01
  3.49686414e-01  3.62844199e-01  3.75744700e-01  3.88418913e-01  4.00979489e-01
  4.13345575e-01  4.25602525e-01  4.37734962e-01  4.49733645e-01  4.61709529e-01
  4.73602057e-01  4.85424578e-01  4.97209698e-01  5.08943260e-01  5.20704210e-01
  5.32418847e-01  5.44138730e-01  5.55882215e-01  5.67606807e-01  5.79409420e-01
  5.91209710e-01  6.03060484e-01  6.14987552e-01  6.26923978e-01  6.38989925e-01
  6.51098788e-01  6.63298249e-01  6.75603926e-01  6.87994123e-01  7.00533986e-01
  7.13151991e-01  7.25940108e-01  7.38849998e-01  7.51927257e-01  7.65167475e-01
  7.78574049e-01  7.92196095e-01  8.05996060e-01  8.20025086e-01  8.34301949e-01
  8.48837495e-01  8.63631248e-01  8.78756940e-01  8.94199967e-01  9.10062432e-01
  9.26307142e-01  9.43137348e-01  9.60600197e-01  9.78995979e-01  1.00000000e+00
    0
