   EFITD   03/25/2017    #176413  3000             3  65  65
  1.70000005e+00  3.20000005e+00  1.69550002e+00  8.39999974e-01  0.00000000e+00
  1.70447862e+00  1.34067202e-03 -2.66695738e-01  7.00773373e-02  1.89103007e+00
 -1.43715525e+06 -2.66695738e-01  0.00000000e+00  1.70447862e+00  0.00000000e+00
  1.34067202e-03  0.00000000e+00  7.00773373e-02  0.00000000e+00  0.00000000e+00
  3.37904453e+00  3.37361765e+00  3.36828613e+00  3.36305022e+00  3.35790944e+00
  3.35286331e+00  3.34791160e+00  3.34305406e+00  3.33829021e+00  3.33361959e+00
  3.32904220e+00  3.32455754e+00  3.32016516e+00  3.31586432e+00  3.31165528e+00
  3.30753708e+00  3.30350971e+00  3.29957247e+00  3.29572487e+00  3.29196644e+00
  3.28829718e+00  3.28471589e+00  3.28122282e+00  3.27781701e+00  3.27449799e+00
  3.27126551e+00  3.26811862e+00  3.26505733e+00  3.26208067e+00  3.25918841e+00
  3.25637984e+00  3.25365424e+00  3.25101137e+00  3.24845028e+00  3.24597073e+00
  3.24357200e+00  3.24125361e+00  3.23901463e+00  3.23685479e+00  3.23477316e+00
  3.23276925e+00  3.23084259e+00  3.22899246e+00  3.22721791e+00  3.22551847e+00
  3.22389364e+00  3.22234249e+00  3.22086477e+00  3.21945906e+00  3.21812534e+00
  3.21686268e+00  3.21567035e+00  3.21454763e+00  3.21349382e+00  3.21250820e+00
  3.21159005e+00  3.21073866e+00  3.20995331e+00  3.20923328e+00  3.20857763e+00
  3.20798588e+00  3.20745707e+00  3.20699072e+00  3.20658565e+00  3.20624161e+00
  3.80070039e+04  3.68143867e+04  3.56407734e+04  3.44861719e+04  3.33505781e+04
  3.22339922e+04  3.11364160e+04  3.00578457e+04  2.89982852e+04  2.79577324e+04
  2.69361875e+04  2.59336504e+04  2.49501230e+04  2.39856035e+04  2.30400918e+04
  2.21135879e+04  2.12060938e+04  2.03176055e+04  1.94481270e+04  1.85976562e+04
  1.77661934e+04  1.69537402e+04  1.61602939e+04  1.53858564e+04  1.46304277e+04
  1.38940059e+04  1.31765928e+04  1.24781885e+04  1.17987920e+04  1.11384033e+04
  1.04970234e+04  9.87465234e+03  9.27128809e+03  8.68693359e+03  8.12158594e+03
  7.57524707e+03  7.04791650e+03  6.53959424e+03  6.05027979e+03  5.57997412e+03
  5.12867627e+03  4.69638672e+03  4.28310547e+03  3.88883252e+03  3.51356787e+03
  3.15731128e+03  2.82006274e+03  2.50182275e+03  2.20259082e+03  1.92236719e+03
  1.66115186e+03  1.41894458e+03  1.19574561e+03  9.91554932e+02  8.06372437e+02
  6.40198120e+02  4.93032104e+02  3.64874268e+02  2.55724701e+02  1.65583344e+02
  9.44502106e+01  4.23253136e+01  9.20864773e+00 -4.89979124e+00  0.00000000e+00
 -3.51571321e+00 -3.44862890e+00 -3.38202524e+00 -3.31590223e+00 -3.25026011e+00
 -3.18509841e+00 -3.12041759e+00 -3.05621719e+00 -2.99249768e+00 -2.92925882e+00
 -2.86650062e+00 -2.80422282e+00 -2.74242592e+00 -2.68110991e+00 -2.62027431e+00
 -2.55991936e+00 -2.50004506e+00 -2.44065142e+00 -2.38173866e+00 -2.32330632e+00
 -2.26535487e+00 -2.20788407e+00 -2.15089369e+00 -2.09438419e+00 -2.03835535e+00
 -1.98280716e+00 -1.92773950e+00 -1.87315273e+00 -1.81904650e+00 -1.76542091e+00
 -1.71227610e+00 -1.65961194e+00 -1.60742831e+00 -1.55572546e+00 -1.50450337e+00
 -1.45376182e+00 -1.40350091e+00 -1.35372078e+00 -1.30442131e+00 -1.25560248e+00
 -1.20726430e+00 -1.15940678e+00 -1.11202991e+00 -1.06513381e+00 -1.01871824e+00
 -9.72783446e-01 -9.27329302e-01 -8.82355809e-01 -8.37862968e-01 -7.93850839e-01
 -7.50319362e-01 -7.07268536e-01 -6.64698422e-01 -6.22608900e-01 -5.81000149e-01
 -5.39871991e-01 -4.99224514e-01 -4.59057719e-01 -4.19371605e-01 -3.80166143e-01
 -3.41441363e-01 -3.03197235e-01 -2.65433788e-01 -2.28151008e-01 -1.91348895e-01
 -2.28450156e+05 -2.24837844e+05 -2.21225547e+05 -2.17613250e+05 -2.14000938e+05
 -2.10388641e+05 -2.06776328e+05 -2.03164031e+05 -1.99551719e+05 -1.95939422e+05
 -1.92327109e+05 -1.88714812e+05 -1.85102500e+05 -1.81490203e+05 -1.77877906e+05
 -1.74265594e+05 -1.70653297e+05 -1.67040984e+05 -1.63428688e+05 -1.59816375e+05
 -1.56204078e+05 -1.52591766e+05 -1.48979469e+05 -1.45367156e+05 -1.41754859e+05
 -1.38142547e+05 -1.34530250e+05 -1.30917945e+05 -1.27305641e+05 -1.23693336e+05
 -1.20081031e+05 -1.16468727e+05 -1.12856430e+05 -1.09244125e+05 -1.05631820e+05
 -1.02019516e+05 -9.84072109e+04 -9.47949062e+04 -9.11826016e+04 -8.75702969e+04
 -8.39579922e+04 -8.03456875e+04 -7.67333828e+04 -7.31210781e+04 -6.95087812e+04
 -6.58964766e+04 -6.22841680e+04 -5.86718672e+04 -5.50595625e+04 -5.14472578e+04
 -4.78349531e+04 -4.42226484e+04 -4.06103438e+04 -3.69980430e+04 -3.33857383e+04
 -2.97734336e+04 -2.61611289e+04 -2.25488242e+04 -1.89365215e+04 -1.53242168e+04
 -1.17119131e+04 -8.09960889e+03 -4.48730469e+03 -8.75000854e+02  2.73730322e+03
  1.12745911e-01  1.07388161e-01  1.01595990e-01  9.52933505e-02  8.84863734e-02
  8.12508166e-02  7.36953393e-02  6.59153312e-02  5.90754896e-02  5.42880781e-02
  4.84012812e-02  3.95921133e-02  2.99498625e-02  2.35248376e-02  1.95759553e-02
  1.78129096e-02  1.81920081e-02  2.08171736e-02  2.59940308e-02  3.43683027e-02
  4.71865535e-02  6.04635775e-02  7.11612478e-02  8.03037286e-02  8.84467736e-02
  9.59069058e-02  1.02873936e-01  1.09458715e-01  1.15710184e-01  1.21629506e-01
  1.27766490e-01  1.34311378e-01  1.41216531e-01  1.48500130e-01  1.56159043e-01
  1.64228678e-01  1.72503710e-01  1.80467039e-01  1.88210234e-01  1.95808128e-01
  2.03325301e-01  2.10815549e-01  2.18317956e-01  2.25854665e-01  2.33431399e-01
  2.41039932e-01  2.48660713e-01  2.56265044e-01  2.63816893e-01  2.71274090e-01
  2.78589666e-01  2.85713017e-01  2.92591512e-01  2.99172044e-01  3.05402935e-01
  3.11235994e-01  3.16628516e-01  3.21545094e-01  3.25959146e-01  3.29853863e-01
  3.33222717e-01  3.36069226e-01  3.38406265e-01  3.40254754e-01  3.41642231e-01
  1.08217709e-01  1.02006108e-01  9.53221917e-02  8.80621746e-02  8.01905319e-02
  7.17801973e-02  6.37318343e-02  5.73489256e-02  5.28330728e-02  5.01528941e-02
  4.65560779e-02  4.12641130e-02  3.56282517e-02  3.13155428e-02  2.86142658e-02
  2.75877155e-02  2.83082537e-02  3.08967028e-02  3.55316661e-02  4.24276106e-02
  5.16046397e-02  6.14796765e-02  7.06109181e-02  7.89801925e-02  8.67367834e-02
  9.40178484e-02  1.00925431e-01  1.07523717e-01  1.13835573e-01  1.19851142e-01
  1.26091436e-01  1.32752538e-01  1.39804423e-01  1.47267058e-01  1.55167133e-01
  1.63566276e-01  1.72257707e-01  1.80756405e-01  1.89144477e-01  1.97482675e-01
  2.05815926e-01  2.14177713e-01  2.22590759e-01  2.31066793e-01  2.39606112e-01
  2.48197824e-01  2.56820261e-01  2.65441537e-01  2.74020195e-01  2.82505929e-01
  2.90840566e-01  2.98959404e-01  3.06793064e-01  3.14269871e-01  3.21318775e-01
  3.27872783e-01  3.33872259e-01  3.39268237e-01  3.44025135e-01  3.48122388e-01
  3.51555288e-01  3.54334325e-01  3.56483698e-01  3.58039051e-01  3.59044701e-01
  1.04262382e-01  9.76159200e-02  9.04358551e-02  8.24501216e-02  7.35266358e-02
  6.59432858e-02  6.02008142e-02  5.63547835e-02  5.44505157e-02  5.27640916e-02
  5.05648069e-02  4.79784012e-02  4.54149656e-02  4.33373041e-02  4.20997441e-02
  4.19286452e-02  4.29664068e-02  4.53008935e-02  4.89630029e-02  5.38887568e-02
  5.98566793e-02  6.64851218e-02  7.33842254e-02  8.03042799e-02  8.71341005e-02
  9.38421786e-02  1.00433491e-01  1.06927425e-01  1.13351256e-01  1.19765960e-01
  1.26358971e-01  1.33258969e-01  1.40502602e-01  1.48110867e-01  1.56099200e-01
  1.64465860e-01  1.73098698e-01  1.81837901e-01  1.90660611e-01  1.99577481e-01
  2.08603501e-01  2.17751980e-01  2.27031454e-01  2.36443833e-01  2.45982692e-01
  2.55632192e-01  2.65365958e-01  2.75146306e-01  2.84923553e-01  2.94635803e-01
  3.04208815e-01  3.13557208e-01  3.22586238e-01  3.31195146e-01  3.39281529e-01
  3.46747100e-01  3.53503823e-01  3.59479904e-01  3.64624858e-01  3.68912607e-01
  3.72342676e-01  3.74938905e-01  3.76745999e-01  3.77825052e-01  3.78248066e-01
  1.00841627e-01  9.42481086e-02  8.73696357e-02  7.99854994e-02  7.22214133e-02
  6.66394904e-02  6.34953082e-02  6.14283830e-02  5.95632121e-02  5.77899739e-02
  5.60657829e-02  5.44393100e-02  5.30428514e-02  5.20519465e-02  5.16404808e-02
  5.19521460e-02  5.30890115e-02  5.51073402e-02  5.80128543e-02  6.17546253e-02
  6.62245750e-02  7.12730661e-02  7.67413229e-02  8.24941397e-02  8.84360671e-02
  9.45108831e-02  1.00693740e-01  1.06983900e-01  1.13401368e-01  1.19986244e-01
  1.26792699e-01  1.33872882e-01  1.41264543e-01  1.48989499e-01  1.57053962e-01
  1.65446430e-01  1.74138278e-01  1.83096141e-01  1.92297265e-01  2.01732308e-01
  2.11400107e-01  2.21302465e-01  2.31440216e-01  2.41810352e-01  2.52403587e-01
  2.63202101e-01  2.74177372e-01  2.85287857e-01  2.96476752e-01  3.07669789e-01
  3.18773568e-01  3.29674989e-01  3.40242416e-01  3.50329518e-01  3.59782159e-01
  3.68448198e-01  3.76189381e-01  3.82893264e-01  3.88483226e-01  3.92925054e-01
  3.96228403e-01  3.98443729e-01  3.99654806e-01  3.99968505e-01  3.99504185e-01
  9.72433165e-02  9.09914002e-02  8.51808041e-02  7.96534792e-02  7.45551363e-02
  7.11243525e-02  6.84182644e-02  6.61857799e-02  6.42820448e-02  6.26280680e-02
  6.11969680e-02  6.00077063e-02  5.91163225e-02  5.86020909e-02  5.85513674e-02
  5.90432324e-02  6.01389557e-02  6.18752204e-02  6.42602965e-02  6.72732443e-02
  7.08669871e-02  7.49760047e-02  7.95274153e-02  8.44522938e-02  8.96940306e-02
  9.52123255e-02  1.00983813e-01  1.07000753e-01  1.13268875e-01  1.19804457e-01
  1.26630306e-01  1.33770734e-01  1.41247153e-01  1.49075195e-01  1.57263443e-01
  1.65813461e-01  1.74721584e-01  1.83982059e-01  1.93590418e-01  2.03545347e-01
  2.13848412e-01  2.24502742e-01  2.35511020e-01  2.46873364e-01  2.58584887e-01
  2.70633161e-01  2.82994986e-01  2.95632809e-01  3.08490068e-01  3.21486205e-01
  3.34511071e-01  3.47420007e-01  3.60031158e-01  3.72127742e-01  3.83467466e-01
  3.93800557e-01  4.02894258e-01  4.10558701e-01  4.16668713e-01  4.21177298e-01
  4.24118787e-01  4.25600410e-01  4.25784469e-01  4.24864739e-01  4.23043758e-01
  9.15816575e-02  8.49111602e-02  8.14499557e-02  7.88281634e-02  7.61639550e-02
  7.37222508e-02  7.15656206e-02  6.96769357e-02  6.80286586e-02  6.66052774e-02
  6.54093623e-02  6.44620806e-02  6.38004020e-02  6.34720027e-02  6.35286719e-02
  6.40196949e-02  6.49860203e-02  6.64559379e-02  6.84426501e-02  7.09438398e-02
  7.39433393e-02  7.74146840e-02  8.13258365e-02  8.56441557e-02  9.03405994e-02
  9.53926593e-02  1.00785837e-01  1.06513895e-01  1.12578198e-01  1.18986286e-01
  1.25749990e-01  1.32883310e-01  1.40400469e-01  1.48314387e-01  1.56635970e-01
  1.65373981e-01  1.74535722e-01  1.84128001e-01  1.94158316e-01  2.04635561e-01
  2.15570256e-01  2.26974189e-01  2.38859490e-01  2.51237392e-01  2.64116347e-01
  2.77499616e-01  2.91381985e-01  3.05744857e-01  3.20549905e-01  3.35729778e-01
  3.51176053e-01  3.66723955e-01  3.82136464e-01  3.97093505e-01  4.11197454e-01
  4.24006999e-01  4.35096145e-01  4.44117695e-01  4.50850517e-01  4.55226362e-01
  4.57338065e-01  4.57422554e-01  4.55814213e-01  4.52882051e-01  4.48976278e-01
  8.75629634e-02  8.07381123e-02  7.84867778e-02  7.76390210e-02  7.64169171e-02
  7.50168189e-02  7.35758841e-02  7.21759126e-02  7.08674937e-02  6.96876049e-02
  6.86699301e-02  6.78499117e-02  6.72663227e-02  6.69606254e-02  6.69749528e-02
  6.73493817e-02  6.81190789e-02  6.93116412e-02  7.09456056e-02  7.30300695e-02
  7.55655989e-02  7.85462186e-02  8.19617882e-02  8.58004540e-02  9.00509134e-02
  9.47041959e-02  9.97548178e-02  1.05201349e-01  1.11046419e-01  1.17296256e-01
  1.23959988e-01  1.31048784e-01  1.38575017e-01  1.46551639e-01  1.54991835e-01
  1.63909018e-01  1.73317090e-01  1.83230951e-01  1.93667054e-01  2.04643980e-01
  2.16182753e-01  2.28307009e-01  2.41043001e-01  2.54419148e-01  2.68465340e-01
  2.83211678e-01  2.98686266e-01  3.14911455e-01  3.31897467e-01  3.49631935e-01
  3.68061751e-01  3.87063473e-01  4.06396002e-01  4.25633907e-01  4.44103867e-01
  4.60922807e-01  4.75214750e-01  4.86315429e-01  4.93825644e-01  4.97623533e-01
  4.97910559e-01  4.95243639e-01  4.90402490e-01  4.84138340e-01  4.77043390e-01
  8.61416757e-02  7.94079751e-02  7.77803436e-02  7.75974542e-02  7.70461410e-02
  7.62368664e-02  7.52639398e-02  7.42076933e-02  7.31345266e-02  7.21003488e-02
  7.11545572e-02  7.03430101e-02  6.97099641e-02  6.92988560e-02  6.91523924e-02
  6.93118274e-02  6.98155388e-02  7.06953928e-02  7.19757080e-02  7.36730099e-02
  7.57966489e-02  7.83519149e-02  8.13412368e-02  8.47652555e-02  8.86241272e-02
  9.29185525e-02  9.76505429e-02  1.02823928e-01  1.08444586e-01  1.14520475e-01
  1.21061429e-01  1.28078982e-01  1.35586083e-01  1.43596977e-01  1.52127177e-01
  1.61193594e-01  1.70814842e-01  1.81011721e-01  1.91807747e-01  2.03229874e-01
  2.15309128e-01  2.28081390e-01  2.41588190e-01  2.55877614e-01  2.71005124e-01
  2.87034690e-01  3.04039448e-01  3.22102427e-01  3.41315985e-01  3.61779124e-01
  3.83588970e-01  4.06819612e-01  4.31468189e-01  4.57327247e-01  4.83653247e-01
  5.07813275e-01  5.27526677e-01  5.41967571e-01  5.50599873e-01  5.53069115e-01
  5.49273252e-01  5.40468037e-01  5.29551864e-01  5.17844915e-01  5.06079733e-01
  8.68050233e-02  8.02386999e-02  7.87323490e-02  7.87927881e-02  7.85007328e-02
  7.79217631e-02  7.71261454e-02  7.61830062e-02  7.51566216e-02  7.41055384e-02
  7.30831623e-02  7.21390247e-02  7.13200644e-02  7.06718713e-02  7.02401176e-02
  7.00726807e-02  7.02235028e-02  7.07320869e-02  7.16287345e-02  7.29345456e-02
  7.46561661e-02  7.68054053e-02  7.93931335e-02  8.24277177e-02  8.59170258e-02
  8.98687914e-02  9.42908898e-02  9.91917998e-02  1.04580894e-01  1.10468619e-01
  1.16866611e-01  1.23787768e-01  1.31246328e-01  1.39258012e-01  1.47840202e-01
  1.57012239e-01  1.66795880e-01  1.77215859e-01  1.88300535e-01  2.00082883e-01
  2.12601453e-01  2.25901783e-01  2.40037888e-01  2.55074441e-01  2.71089315e-01
  2.88177133e-01  3.06454033e-01  3.26063991e-01  3.47188205e-01  3.70058298e-01
  3.94977242e-01  4.22353506e-01  4.52765405e-01  4.87111390e-01  5.26132882e-01
  5.61231554e-01  5.88492870e-01  6.07726812e-01  6.18510425e-01  6.19822264e-01
  6.11315429e-01  5.91693103e-01  5.70427537e-01  5.50877154e-01  5.33167958e-01
  8.90986174e-02  8.26788098e-02  8.11621398e-02  8.12357590e-02  8.09292495e-02
  8.02986771e-02  7.94160366e-02  7.83495978e-02  7.71617144e-02  7.59089738e-02
  7.46430159e-02  7.34116137e-02  7.22595602e-02  7.12294579e-02  7.03624561e-02
  6.96997568e-02  6.93830550e-02  6.94401711e-02  6.99064210e-02  7.08253831e-02
  7.21311271e-02  7.38634989e-02  7.60473162e-02  7.86913931e-02  8.18098783e-02
  8.54166523e-02  8.95238072e-02  9.41435099e-02  9.92881805e-02  1.04970470e-01
  1.11203656e-01  1.18001848e-01  1.25380278e-01  1.33355558e-01  1.41945973e-01
  1.51171923e-01  1.61056384e-01  1.71625659e-01  1.82910070e-01  1.94945127e-01
  2.07772672e-01  2.21442536e-01  2.36014605e-01  2.51561522e-01  2.68172204e-01
  2.85956770e-01  3.05053264e-01  3.25637341e-01  3.47936392e-01  3.72250676e-01
  3.98986608e-01  4.28709626e-01  4.62230057e-01  5.00725627e-01  5.45799613e-01
  5.91953814e-01  6.27356768e-01  6.51817262e-01  6.65548861e-01  6.68389857e-01
  6.58830941e-01  6.36054695e-01  6.03923798e-01  5.76492369e-01  5.53263068e-01
  9.28954780e-02  8.65484625e-02  8.52022097e-02  8.50732923e-02  8.44542533e-02
  8.34826678e-02  8.22512209e-02  8.08300972e-02  7.92764872e-02  7.76401833e-02
  7.59664401e-02  7.42973983e-02  7.26725906e-02  7.11285472e-02  6.96966723e-02
  6.85321018e-02  6.76832125e-02  6.71911836e-02  6.70931041e-02  6.74210265e-02
  6.81967214e-02  6.94526359e-02  7.12296665e-02  7.34611303e-02  7.61875287e-02
  7.94340894e-02  8.32104608e-02  8.75320733e-02  9.24142748e-02  9.78708416e-02
  1.03915796e-01  1.10563688e-01  1.17829911e-01  1.25730962e-01  1.34284735e-01
  1.43510953e-01  1.53431684e-01  1.64072081e-01  1.75461143e-01  1.87632680e-01
  2.00626627e-01  2.14490429e-01  2.29281113e-01  2.45067641e-01  2.61934251e-01
  2.79984683e-01  2.99347997e-01  3.20186436e-01  3.42706203e-01  3.67172360e-01
  3.93928945e-01  4.23425257e-01  4.56246763e-01  4.93144214e-01  5.35053372e-01
  5.82802713e-01  6.23098016e-01  6.51435137e-01  6.68225706e-01  6.73611701e-01
  6.67910218e-01  6.49588943e-01  6.18381143e-01  5.86525261e-01  5.60659885e-01
  9.94743928e-02  9.35917869e-02  9.15380046e-02  9.05024484e-02  8.90922397e-02
  8.74453336e-02  8.56124535e-02  8.36301073e-02  8.15321878e-02  7.93524310e-02
  7.71249533e-02  7.48843849e-02  7.26661682e-02  7.05077946e-02  6.84525222e-02
  6.66628629e-02  6.51801229e-02  6.40464202e-02  6.33023307e-02  6.29857108e-02
  6.31310716e-02  6.37708977e-02  6.49335906e-02  6.66377693e-02  6.89125881e-02
  7.17946589e-02  7.52151608e-02  7.92137459e-02  8.38140249e-02  8.90243649e-02
  9.48585942e-02  1.01330623e-01  1.08455248e-01  1.16247877e-01  1.24724567e-01
  1.33902565e-01  1.43800825e-01  1.54440716e-01  1.65846616e-01  1.78046703e-01
  1.91073999e-01  2.04967305e-01  2.19772637e-01  2.35544786e-01  2.52349257e-01
  2.70264626e-01  2.89385259e-01  3.09824705e-01  3.31719160e-01  3.55230957e-01
  3.80551428e-01  4.07900840e-01  4.37524438e-01  4.69683588e-01  5.04655063e-01
  5.42822182e-01  5.81810057e-01  6.09214962e-01  6.26554489e-01  6.34636879e-01
  6.33126318e-01  6.22804224e-01  6.02405846e-01  5.74344873e-01  5.51457524e-01
  1.07636660e-01  1.02614701e-01  9.93476734e-02  9.68041345e-02  9.43618193e-02
  9.18848068e-02  8.93186107e-02  8.66496637e-02  8.38841945e-02  8.10390338e-02
  7.81369805e-02  7.52039850e-02  7.22670183e-02  6.93514794e-02  6.66140988e-02
  6.41148463e-02  6.19072691e-02  6.00413196e-02  5.85641190e-02  5.75200357e-02
  5.69505505e-02  5.68941161e-02  5.73857017e-02  5.84564321e-02  6.01348728e-02
  6.24449439e-02  6.54003024e-02  6.90241680e-02  7.33448640e-02  7.82914907e-02
  8.38969797e-02  9.01718959e-02  9.71313640e-02  1.04789652e-01  1.13159217e-01
  1.22252919e-01  1.32084548e-01  1.42669380e-01  1.54024586e-01  1.66169718e-01
  1.79127231e-01  1.92922965e-01  2.07586691e-01  2.23152608e-01  2.39659771e-01
  2.57152259e-01  2.75678843e-01  2.95291990e-01  3.16045195e-01  3.37987930e-01
  3.61155868e-01  3.85553837e-01  4.11125273e-01  4.37696427e-01  4.64867234e-01
  4.91772979e-01  5.16665876e-01  5.37245154e-01  5.52138984e-01  5.60921788e-01
  5.63588202e-01  5.60437739e-01  5.52248120e-01  5.40705442e-01  5.28177321e-01
  1.14104792e-01  1.09178282e-01  1.05751917e-01  1.02709599e-01  9.96174961e-02
  9.64437127e-02  9.31650251e-02  8.97733048e-02  8.62732604e-02  8.26789215e-02
  7.90106133e-02  7.52928406e-02  7.15527162e-02  6.78185299e-02  6.42634779e-02
  6.09413534e-02  5.79062104e-02  5.52113242e-02  5.29085062e-02  5.10476008e-02
  4.96760421e-02  4.88384776e-02  4.85763587e-02  4.89276163e-02  4.99264300e-02
  5.16027585e-02  5.39820343e-02  5.70865758e-02  6.09340519e-02  6.55334517e-02
  7.09062368e-02  7.69634619e-02  8.37401375e-02  9.12525654e-02  9.95017663e-02
  1.08494401e-01  1.18237287e-01  1.28738120e-01  1.40005335e-01  1.52048185e-01
  1.64876848e-01  1.78502440e-01  1.92936793e-01  2.08192199e-01  2.24280521e-01
  2.41212010e-01  2.58993119e-01  2.77623087e-01  2.97088742e-01  3.17356288e-01
  3.38359386e-01  3.59981060e-01  3.82027656e-01  4.04193044e-01  4.26014543e-01
  4.46838260e-01  4.65844393e-01  4.82186198e-01  4.95187402e-01  5.04458785e-01
  5.09913146e-01  5.11754274e-01  5.10470808e-01  5.06792486e-01  5.01543880e-01
  1.20454095e-01  1.15545146e-01  1.11872353e-01  1.08468950e-01  1.04872331e-01
  1.01084769e-01  9.71145704e-02  9.29752812e-02  8.86853263e-02  8.42670873e-02
  7.97460377e-02  7.51504898e-02  7.05126375e-02  6.58722296e-02  6.14043772e-02
  5.71632124e-02  5.32054789e-02  4.95884679e-02  4.63688001e-02  4.36016619e-02
  4.13402021e-02  3.96350026e-02  3.85336205e-02  3.80801223e-02  3.83146591e-02
  3.92730385e-02  4.09863330e-02  4.34805900e-02  4.67761457e-02  5.08868136e-02
  5.58197200e-02  6.15698323e-02  6.81409314e-02  7.55381808e-02  8.36769193e-02
  9.25771669e-02  1.02236226e-01  1.12654872e-01  1.23832360e-01  1.35767430e-01
  1.48458019e-01  1.61900938e-01  1.76091373e-01  1.91022038e-01  2.06681892e-01
  2.23054320e-01  2.40114436e-01  2.57825494e-01  2.76133865e-01  2.94962227e-01
  3.14201117e-01  3.33698124e-01  3.53246152e-01  3.72572005e-01  3.91330898e-01
  4.09113824e-01  4.25476730e-01  4.39991236e-01  4.52304274e-01  4.62186694e-01
  4.69559729e-01  4.74499792e-01  4.77223814e-01  4.78053868e-01  4.77362692e-01
  1.27120614e-01  1.22183315e-01  1.18335851e-01  1.14562981e-01  1.10441506e-01
  1.06003568e-01  1.01286158e-01  9.63272676e-02  9.11635607e-02  8.58293325e-02
  8.03561360e-02  7.47724771e-02  6.91028014e-02  6.35031238e-02  5.80471456e-02
  5.28028570e-02  4.78356332e-02  4.32092957e-02  3.89862470e-02  3.52273025e-02
  3.19912955e-02  2.93346252e-02  2.73107551e-02  2.59696916e-02  2.53574532e-02
  2.55155470e-02  2.64804475e-02  2.82830894e-02  3.09483614e-02  3.44946273e-02
  3.89334410e-02  4.42694128e-02  5.05018085e-02  5.76228909e-02  6.56142607e-02
  7.44651332e-02  8.40699449e-02  9.44402963e-02  1.05562672e-01  1.17426388e-01
  1.30017966e-01  1.43321738e-01  1.57318980e-01  1.71987087e-01  1.87298208e-01
  2.03217611e-01  2.19701335e-01  2.36693382e-01  2.54122138e-01  2.71896243e-01
  2.89899826e-01  3.07988048e-01  3.25983346e-01  3.43674093e-01  3.60817552e-01
  3.77149224e-01  3.92399311e-01  4.06314880e-01  4.18683857e-01  4.29355681e-01
  4.38254446e-01  4.45382327e-01  4.50813264e-01  4.54677939e-01  4.57142860e-01
  1.34784386e-01  1.29829228e-01  1.25751734e-01  1.21498086e-01  1.16708815e-01
  1.11466751e-01  1.05852008e-01  9.99341533e-02  9.37703848e-02  8.74070823e-02
  8.08821991e-02  7.42274746e-02  6.74703345e-02  6.07842058e-02  5.42375930e-02
  4.78991829e-02  4.18373123e-02  3.61197293e-02  3.08133345e-02  2.59838551e-02
  2.16953680e-02  1.80097930e-02  1.49863185e-02  1.26807792e-02  1.11450395e-02
  1.04263583e-02  1.05667692e-02  1.16024828e-02  1.35633312e-02  1.64722707e-02
  2.03449875e-02  2.51896214e-02  3.10066082e-02  3.77882347e-02  4.55181934e-02
  5.41720428e-02  6.37136549e-02  7.41147771e-02  8.52493420e-02  9.71172526e-02
  1.09691419e-01  1.22946426e-01  1.36852667e-01  1.51376486e-01  1.66479051e-01
  1.82115048e-01  1.98231205e-01  2.14764372e-01  2.31639355e-01  2.48766765e-01
  2.66040981e-01  2.83338517e-01  3.00517559e-01  3.17419171e-01  3.33870620e-01
  3.49691391e-01  3.64701778e-01  3.78732979e-01  3.91637385e-01  4.03297216e-01
  4.13630128e-01  4.22591180e-01  4.30170953e-01  4.36390907e-01  4.41297263e-01
  1.44340351e-01  1.39462695e-01  1.34926394e-01  1.29876927e-01  1.24068081e-01
  1.17701933e-01  1.10925868e-01  1.03839256e-01  9.65095907e-02  8.89845043e-02
  8.12993795e-02  7.34820291e-02  6.55555576e-02  5.76997995e-02  4.99836057e-02
  4.24765237e-02  3.52487154e-02  2.83707082e-02  2.19130125e-02  1.59456264e-02
  1.05374614e-02  5.75570390e-03  1.66512490e-03 -1.67264277e-03 -4.19984385e-03
 -5.86334476e-03 -6.61536399e-03 -6.41417736e-03 -5.22478018e-03 -3.01948842e-03
  2.21529655e-04  4.50980058e-03  9.84815788e-03  1.62303876e-02  2.36409511e-02
  3.20548229e-02  4.14372906e-02  5.17446287e-02  6.29204512e-02  7.49156773e-02
  8.75872076e-02  1.00920901e-01  1.14875451e-01  1.29410133e-01  1.44479245e-01
  1.60032332e-01  1.76013187e-01  1.92358777e-01  2.08998010e-01  2.25850776e-01
  2.42827162e-01  2.59827107e-01  2.76740879e-01  2.93450147e-01  3.09830338e-01
  3.25753659e-01  3.41092944e-01  3.55725497e-01  3.69536608e-01  3.82421792e-01
  3.94287497e-01  4.05050874e-01  4.14638788e-01  4.22988236e-01  4.30048913e-01
  1.57292083e-01  1.52862728e-01  1.47210315e-01  1.40313029e-01  1.32692814e-01
  1.24679737e-01  1.16400026e-01  1.07914574e-01  9.92581099e-02  9.04533267e-02
  8.15170556e-02  7.24632666e-02  6.33042604e-02  5.42218126e-02  4.52824533e-02
  3.65550108e-02  2.81104352e-02  2.00213157e-02  1.23612555e-02  5.20419842e-03
 -1.37631537e-03 -7.30793178e-03 -1.25203021e-02 -1.69459302e-02 -2.05210373e-02
 -2.31864192e-02 -2.48883106e-02 -2.55791917e-02 -2.52185781e-02 -2.37737317e-02
 -2.12203152e-02 -1.75429527e-02 -1.27357142e-02 -6.80250349e-03  2.42650989e-04
  8.37540906e-03  1.75610390e-02  2.77544595e-02  3.89002264e-02  5.09334095e-02
  6.37761205e-02  7.73563609e-02  9.15224403e-02  1.06245868e-01  1.21473774e-01
  1.37153387e-01  1.53229713e-01  1.69643864e-01  1.86332434e-01  2.03227207e-01
  2.20255047e-01  2.37338021e-01  2.54393965e-01  2.71337271e-01  2.88079977e-01
  3.04532945e-01  3.20606977e-01  3.36212903e-01  3.51260900e-01  3.65657628e-01
  3.79301786e-01  3.92077893e-01  4.03850615e-01  4.14464056e-01  4.23751026e-01
  1.74827769e-01  1.72029361e-01  1.62574828e-01  1.51901066e-01  1.41737089e-01
  1.31741315e-01  1.21780947e-01  1.11792713e-01  1.01742066e-01  9.16088745e-02
  8.13820511e-02  7.10582733e-02  6.06444888e-02  5.03154956e-02  4.01318595e-02
  3.01606841e-02  2.04735007e-02  1.11449687e-02  2.25185975e-03 -6.12785900e-03
 -1.39159244e-02 -2.10346971e-02 -2.74080988e-02 -3.29625942e-02 -3.76281478e-02
 -4.13392410e-02 -4.40358147e-02 -4.56642248e-02 -4.61781323e-02 -4.55393344e-02
 -4.37185280e-02 -4.06959578e-02 -3.64619792e-02 -3.10175009e-02 -2.43743081e-02
 -1.65552460e-02 -7.59429112e-03  2.46352190e-03  1.35622788e-02  2.56355070e-02
  3.86064276e-02  5.23890704e-02  6.68853074e-02  8.20000395e-02  9.75860208e-02
  1.13596655e-01  1.29983887e-01  1.46695301e-01  1.63676292e-01  1.80870861e-01
  1.98222011e-01  2.15672180e-01  2.33163714e-01  2.50639468e-01  2.68043548e-01
  2.85321534e-01  3.02420408e-01  3.19287151e-01  3.35865736e-01  3.52090746e-01
  3.67876828e-01  3.83100986e-01  3.97577077e-01  4.11027580e-01  4.23081279e-01
  1.86498836e-01  1.84026033e-01  1.73675910e-01  1.61291540e-01  1.49387926e-01
  1.37789339e-01  1.26355991e-01  1.14990734e-01  1.03626281e-01  9.22146961e-02
  8.07201490e-02  6.91132694e-02  5.75038940e-02  4.59591225e-02  3.45470197e-02
  2.33388469e-02  1.24094477e-02  1.83692062e-03 -8.29803944e-03 -1.79129634e-02
 -2.69245189e-02 -3.52494903e-02 -4.28058095e-02 -4.95136268e-02 -5.52963912e-02
 -6.00819476e-02 -6.38036281e-02 -6.64013177e-02 -6.78224266e-02 -6.80228770e-02
 -6.69679418e-02 -6.46329820e-02 -6.10040873e-02 -5.60785979e-02 -4.98654209e-02
 -4.23852578e-02 -3.36706452e-02 -2.37658359e-02 -1.27265286e-02 -6.19427534e-04
  1.24783786e-02  2.64802780e-02  4.12911922e-02  5.68100214e-02  7.29303211e-02
  8.94509926e-02  1.06341258e-01  1.23547383e-01  1.41020834e-01  1.58716500e-01
  1.76592156e-01  1.94608733e-01  2.12730825e-01  2.30927482e-01  2.49173075e-01
  2.67448068e-01  2.85739392e-01  3.04040045e-01  3.22347462e-01  3.40659022e-01
  3.58962953e-01  3.77219677e-01  3.95319819e-01  4.12965149e-01  4.29333031e-01
  1.94563255e-01  1.92131788e-01  1.80934891e-01  1.67758331e-01  1.54877543e-01
  1.42205164e-01  1.29660979e-01  1.17172480e-01  1.04678467e-01  9.21287239e-02
  7.94822797e-02  6.67054951e-02  5.39238825e-02  4.11955900e-02  2.85865292e-02
  1.61687974e-02  4.01962781e-03 -7.77948042e-03 -1.91436633e-02 -2.99856234e-02
 -4.02166359e-02 -4.97476086e-02 -5.84901944e-02 -6.63579479e-02 -7.32675046e-02
 -7.91398138e-02 -8.39012861e-02 -8.74849856e-02 -8.98317620e-02 -9.08912793e-02
 -9.06229764e-02 -8.89969021e-02 -8.59944671e-02 -8.16089287e-02 -7.58458674e-02
 -6.87233508e-02 -6.02720082e-02 -5.05348891e-02 -3.95671390e-02 -2.74355132e-02
 -1.42177446e-02 -1.75302432e-06  1.51151568e-02  3.10270172e-02  4.76191752e-02
  6.47669062e-02  8.23567510e-02  1.00233324e-01  1.18360981e-01  1.36707380e-01
  1.55244589e-01  1.73950180e-01  1.92808345e-01  2.11811349e-01  2.30961174e-01
  2.50271469e-01  2.69769877e-01  2.89500594e-01  3.09527546e-01  3.29937875e-01
  3.50846887e-01  3.72405827e-01  3.94817263e-01  4.18364704e-01  4.42199528e-01
  1.99261442e-01  1.96664274e-01  1.85493916e-01  1.71859413e-01  1.58364594e-01
  1.44966468e-01  1.31611794e-01  1.18247427e-01  1.04824357e-01  9.12991390e-02
  7.76338428e-02  6.37953430e-02  4.99243625e-02  3.60814072e-02  2.23346241e-02
  8.75887182e-03 -4.56515793e-03 -1.75518617e-02 -3.01116630e-02 -4.21520062e-02
 -5.35784140e-02 -6.42956048e-02 -7.42086917e-02 -8.32243785e-02 -9.12522823e-02
 -9.82061848e-02 -1.04005359e-01 -1.08575828e-01 -1.11851580e-01 -1.13775752e-01
 -1.14301652e-01 -1.13393717e-01 -1.11028299e-01 -1.07194304e-01 -1.01893596e-01
 -9.51413065e-02 -8.69658515e-02 -7.74087980e-02 -6.65245056e-02 -5.43796085e-02
 -4.10522707e-02 -2.66313255e-02 -1.12152388e-02  5.08903759e-03  2.21674107e-02
  3.99004892e-02  5.81668206e-02  7.68428445e-02  9.57406461e-02  1.14836954e-01
  1.34114727e-01  1.53564319e-01  1.73184931e-01  1.92986503e-01  2.12992102e-01
  2.33241051e-01  2.53793031e-01  2.74733484e-01  2.96181172e-01  3.18298429e-01
  3.41306508e-01  3.65508348e-01  3.91326815e-01  4.19379383e-01  4.48356032e-01
  2.02115938e-01  1.99321508e-01  1.87976167e-01  1.74047649e-01  1.60167813e-01
  1.46285996e-01  1.32349476e-01  1.18313156e-01  1.04137950e-01  8.97892863e-02
  7.52360448e-02  6.04493283e-02  4.55888994e-02  3.07197943e-02  1.59143675e-02
  1.25177542e-03 -1.31827192e-02 -2.72985920e-02 -4.10009623e-02 -5.41915819e-02
 -6.67698979e-02 -7.86342099e-02 -8.96828845e-02 -9.98156443e-02 -1.08934931e-01
 -1.16947271e-01 -1.23764664e-01 -1.29305944e-01 -1.33498117e-01 -1.36277631e-01
 -1.37591496e-01 -1.37398362e-01 -1.35669336e-01 -1.32388756e-01 -1.27554595e-01
 -1.21178843e-01 -1.13287553e-01 -1.03920676e-01 -9.31317061e-02 -8.09871107e-02
 -6.75655156e-02 -5.29567301e-02 -3.72606106e-02 -2.05856822e-02 -3.04766116e-03
  1.52322771e-02  3.41293328e-02  5.35166562e-02  7.32670724e-02  9.31731388e-02
  1.13224991e-01  1.33421063e-01  1.53769478e-01  1.74290031e-01  1.95016727e-01
  2.16001227e-01  2.37317502e-01  2.59068131e-01  2.81393111e-01  3.04481864e-01
  3.28589737e-01  3.54059041e-01  3.81341815e-01  4.11012024e-01  4.42388356e-01
  2.03624919e-01  2.00641140e-01  1.88589856e-01  1.74615130e-01  1.60613701e-01
  1.46468684e-01  1.32134765e-01  1.17585205e-01  1.02797329e-01  8.77493620e-02
  7.24213868e-02  5.67992926e-02  4.10561226e-02  2.52598953e-02  9.48761962e-03
 -6.17638044e-03 -2.16414947e-02 -3.68116908e-02 -5.15863784e-02 -6.58613443e-02
 -7.95298144e-02 -9.24835652e-02 -1.04614198e-01 -1.15814462e-01 -1.25979647e-01
 -1.35009050e-01 -1.42807424e-01 -1.49286449e-01 -1.54366165e-01 -1.57976329e-01
 -1.60057649e-01 -1.60562918e-01 -1.59457996e-01 -1.56722561e-01 -1.52350664e-01
 -1.46351114e-01 -1.38747543e-01 -1.29578307e-01 -1.18896067e-01 -1.06767222e-01
 -9.32710767e-02 -7.84987658e-02 -6.25520796e-02 -4.55420278e-02 -2.75873188e-02
 -8.81268363e-03  1.06528588e-02  3.06777675e-02  5.11297882e-02  7.18778148e-02
  9.27069634e-02  1.13619089e-01  1.34625033e-01  1.55746132e-01  1.77016199e-01
  1.98484167e-01  2.20217645e-01  2.42307723e-01  2.64875829e-01  2.88083225e-01
  3.12145352e-01  3.37353855e-01  3.64111960e-01  3.92987728e-01  4.23529476e-01
  2.01387569e-01  1.97475970e-01  1.87220514e-01  1.74085408e-01  1.60237506e-01
  1.45961359e-01  1.31328180e-01  1.16356850e-01  1.01044811e-01  8.53777975e-02
  6.93327487e-02  5.30144162e-02  3.65050472e-02  1.98872481e-02  3.24740284e-03
 -1.33230491e-02 -2.97273435e-02 -4.58636284e-02 -6.16255254e-02 -7.69029111e-02
 -9.15828720e-02 -1.05550848e-01 -1.18691862e-01 -1.30891874e-01 -1.42039254e-01
 -1.52026281e-01 -1.60750687e-01 -1.68117210e-01 -1.74039096e-01 -1.78439587e-01
 -1.81253240e-01 -1.82427138e-01 -1.81921974e-01 -1.79712862e-01 -1.75790027e-01
 -1.70159131e-01 -1.62841484e-01 -1.53873906e-01 -1.43308342e-01 -1.31211326e-01
 -1.17663048e-01 -1.02756321e-01 -8.65953490e-02 -6.92943037e-02 -5.09757437e-02
 -3.17689739e-02 -1.18083348e-02  8.76857061e-03  2.98226420e-02  5.12150489e-02
  7.28090033e-02  9.43936855e-02  1.15977921e-01  1.37578219e-01  1.59219652e-01
  1.80936918e-01  2.02775523e-01  2.24793345e-01  2.47062325e-01  2.69670486e-01
  2.92724609e-01  3.16354811e-01  3.40726823e-01  3.66097420e-01  3.92448753e-01
  2.02711314e-01  1.98958874e-01  1.87719136e-01  1.73968971e-01  1.59826472e-01
  1.45267695e-01  1.30302489e-01  1.14934914e-01  9.91587490e-02  8.29594061e-02
  6.63160086e-02  4.93584722e-02  3.21643203e-02  1.48173058e-02 -2.59285327e-03
 -1.99705232e-02 -3.72143313e-02 -5.42175472e-02 -7.08686486e-02 -8.70521143e-02
 -1.02649391e-01 -1.17539987e-01 -1.31602794e-01 -1.44717410e-01 -1.56765714e-01
 -1.67633399e-01 -1.77211568e-01 -1.85398415e-01 -1.92100778e-01 -1.97235748e-01
 -2.00732008e-01 -2.02531263e-01 -2.02589273e-01 -2.00876847e-01 -1.97380498e-01
 -1.92102969e-01 -1.85063377e-01 -1.76297128e-01 -1.65855616e-01 -1.53805584e-01
 -1.40228331e-01 -1.25218570e-01 -1.08883217e-01 -9.13399383e-02 -7.27156252e-02
 -5.31447269e-02 -3.27675566e-02 -1.17285987e-02  9.82519239e-03  3.17460075e-02
  5.38867265e-02  7.61023238e-02  9.81969610e-02  1.20179616e-01  1.42063230e-01
  1.63864180e-01  1.85601100e-01  2.07292944e-01  2.28955671e-01  2.50596315e-01
  2.72201985e-01  2.93718487e-01  3.15005183e-01  3.35736394e-01  3.55237544e-01
  2.03925610e-01  2.00131103e-01  1.88187569e-01  1.73996866e-01  1.59473643e-01
  1.44570500e-01  1.29260749e-01  1.13523081e-01  9.73366052e-02  8.06785226e-02
  6.35232925e-02  4.60138805e-02  2.82280259e-02  1.02506150e-02 -7.82652944e-03
 -2.59048920e-02 -4.38796319e-02 -6.16400689e-02 -7.90703669e-02 -9.60503146e-02
 -1.12456381e-01 -1.28162816e-01 -1.43042967e-01 -1.56970754e-01 -1.69822142e-01
 -1.81476846e-01 -1.91819996e-01 -2.00743780e-01 -2.08149210e-01 -2.13947728e-01
 -2.18062669e-01 -2.20430762e-01 -2.21003249e-01 -2.19746947e-01 -2.16645017e-01
 -2.11697474e-01 -2.04921424e-01 -1.96351051e-01 -1.86037242e-01 -1.74047098e-01
 -1.60463035e-01 -1.45381719e-01 -1.28912821e-01 -1.11177564e-01 -9.23072323e-02
 -7.24414587e-02 -5.17266393e-02 -3.03141940e-02 -8.35902616e-03  1.39820203e-02
  3.65514942e-02  5.91924712e-02  8.17494094e-02  1.04052790e-01  1.26105130e-01
  1.47908375e-01  1.69460416e-01  1.90751538e-01  2.11759776e-01  2.32443690e-01
  2.52731889e-01  2.72507817e-01  2.91590154e-01  3.09715003e-01  3.26539278e-01
  2.03874528e-01  1.99904963e-01  1.88188255e-01  1.73792139e-01  1.59023494e-01
  1.43861219e-01  1.28275365e-01  1.12236500e-01  9.57156122e-02  7.86832869e-02
  6.11088872e-02  4.31453101e-02  2.48703621e-02  6.36982266e-03 -1.22628622e-02
 -3.09269447e-02 -4.95148301e-02 -6.79126456e-02 -8.60009715e-02 -1.03655681e-01
 -1.20748997e-01 -1.37150690e-01 -1.52729362e-01 -1.67353973e-01 -1.80895448e-01
 -1.93228260e-01 -2.04232320e-01 -2.13794619e-01 -2.21811026e-01 -2.28188038e-01
 -2.32844308e-01 -2.35712141e-01 -2.36738801e-01 -2.35887587e-01 -2.33138636e-01
 -2.28489578e-01 -2.21955702e-01 -2.13570103e-01 -2.03383267e-01 -1.91462606e-01
 -1.77891582e-01 -1.62768662e-01 -1.46206081e-01 -1.28328368e-01 -1.09270819e-01
 -8.91778991e-02 -6.82015568e-02 -4.64995839e-02 -2.42340304e-02 -1.56977039e-03
  2.13267934e-02  4.42887396e-02  6.71491772e-02  8.97409916e-02  1.11931704e-01
  1.33720443e-01  1.55095816e-01  1.76035002e-01  1.96501046e-01  2.16438845e-01
  2.35770136e-01  2.54388660e-01  2.72156984e-01  2.88908273e-01  3.04457009e-01
  2.03899384e-01  1.99833944e-01  1.87909529e-01  1.73384026e-01  1.58482492e-01
  1.43169880e-01  1.27409697e-01  1.11166887e-01  9.44080055e-02  7.71001801e-02
  5.92099950e-02  4.08989750e-02  2.22455561e-02  3.33666382e-03 -1.57326907e-02
 -3.48598100e-02 -5.39347939e-02 -7.28411674e-02 -9.14565846e-02 -1.09653771e-01
 -1.27301499e-01 -1.44265890e-01 -1.60411686e-01 -1.75603822e-01 -1.89709023e-01
 -2.02597544e-01 -2.14144960e-01 -2.24233955e-01 -2.32756168e-01 -2.39613980e-01
 -2.44722098e-01 -2.48009160e-01 -2.49419093e-01 -2.48912200e-01 -2.46466070e-01
 -2.42076233e-01 -2.35756472e-01 -2.27538884e-01 -2.17473567e-01 -2.05628157e-01
 -1.92086965e-01 -1.76949933e-01 -1.60331398e-01 -1.42358661e-01 -1.23170413e-01
 -1.02915153e-01 -8.17494616e-02 -5.98363988e-02 -3.73438783e-02 -1.44431470e-02
  8.69266596e-03  3.18899564e-02  5.49762025e-02  7.77821690e-02  1.00084439e-01
  1.21868752e-01  1.43116802e-01  1.63801774e-01  1.83885604e-01  2.03316823e-01
  2.22029224e-01  2.39941359e-01  2.56957948e-01  2.72973955e-01  2.87881881e-01
  2.03641996e-01  1.99496672e-01  1.87331125e-01  1.72796637e-01  1.57899335e-01
  1.42567828e-01  1.26752988e-01  1.10416420e-01  9.35249850e-02  7.60469884e-02
  5.79498820e-02  3.94028611e-02  2.04861481e-02  1.28838513e-03 -1.80936698e-02
 -3.75554897e-02 -5.69852330e-02 -7.62643293e-02 -9.52681899e-02 -1.13867104e-01
 -1.31927267e-01 -1.49312064e-01 -1.65883318e-01 -1.81502968e-01 -1.96034595e-01
 -2.09345236e-01 -2.21307188e-01 -2.31799886e-01 -2.40711719e-01 -2.47941911e-01
 -2.53402144e-01 -2.57018209e-01 -2.58731365e-01 -2.58499563e-01 -2.56298423e-01
 -2.52121717e-01 -2.45981947e-01 -2.37910345e-01 -2.27956608e-01 -2.16188401e-01
 -2.02690557e-01 -1.87564045e-01 -1.70924708e-01 -1.52901858e-01 -1.33636668e-01
 -1.13280602e-01 -9.19937417e-02 -6.99430779e-02 -4.73009795e-02 -2.42436528e-02
 -9.49828129e-04  2.24003661e-02  4.56261411e-02  6.85460865e-02  9.09765810e-02
  1.12787344e-01  1.33968651e-01  1.54499382e-01  1.74347594e-01  1.93470940e-01
  2.11817250e-01  2.29325816e-01  2.45929688e-01  2.61559218e-01  2.76146859e-01
  2.02303946e-01  1.97952077e-01  1.86261311e-01  1.72040418e-01  1.57379478e-01
  1.42190114e-01  1.26440823e-01  1.10112660e-01  9.31857675e-02  7.56367147e-02
  5.74379414e-02  3.87645252e-02  1.96993332e-02  3.33060423e-04 -1.92357879e-02
 -3.89011092e-02 -5.85495457e-02 -7.80610219e-02 -9.73094031e-02 -1.16163366e-01
 -1.34487450e-01 -1.52143240e-01 -1.68990761e-01 -1.84889957e-01 -1.99702427e-01
 -2.13293135e-01 -2.25532264e-01 -2.36297101e-01 -2.45473921e-01 -2.52959818e-01
 -2.58664429e-01 -2.62511581e-01 -2.64440775e-01 -2.64408231e-01 -2.62388051e-01
 -2.58372813e-01 -2.52373964e-01 -2.44421944e-01 -2.34565988e-01 -2.22873583e-01
 -2.09429696e-01 -1.94335714e-01 -1.77708268e-01 -1.59677744e-01 -1.40386760e-01
 -1.19988501e-01 -9.86450911e-02 -7.65259042e-02 -5.38059436e-02 -3.06643602e-02
 -7.28302356e-03  1.61547102e-02  3.94650996e-02  6.24650195e-02  8.49730670e-02
  1.06807746e-01  1.27960607e-01  1.48413673e-01  1.68139875e-01  1.87103778e-01
  2.05262735e-01  2.22568661e-01  2.38970235e-01  2.54415929e-01  2.68857360e-01
  2.00192317e-01  1.95231870e-01  1.84840396e-01  1.71586022e-01  1.57305375e-01
  1.42308667e-01  1.26668394e-01  1.10402420e-01  9.35071334e-02  7.59675130e-02
  5.77608570e-02  3.90634164e-02  1.99601278e-02  5.43249247e-04 -1.90874841e-02
 -3.88249531e-02 -5.85549250e-02 -7.81565309e-02 -9.75029171e-02 -1.16462052e-01
 -1.34897783e-01 -1.52670979e-01 -1.69640899e-01 -1.85666755e-01 -2.00609297e-01
 -2.14332655e-01 -2.26706088e-01 -2.37605959e-01 -2.46917576e-01 -2.54537016e-01
 -2.60372967e-01 -2.64348269e-01 -2.66401380e-01 -2.66487628e-01 -2.64580220e-01
 -2.60670871e-01 -2.54770309e-01 -2.46908322e-01 -2.37133563e-01 -2.25513071e-01
 -2.12131515e-01 -1.97090074e-01 -1.80505350e-01 -1.62507802e-01 -1.43240288e-01
 -1.22856356e-01 -1.01518661e-01 -7.93972313e-02 -5.66678680e-02 -3.35106254e-02
 -1.01083666e-02  1.33545529e-02  3.66935097e-02  5.97248301e-02  8.22670609e-02
  1.04117021e-01  1.25267193e-01  1.45701021e-01  1.65393472e-01  1.84311748e-01
  2.02416658e-01  2.19664320e-01  2.36008465e-01  2.51403123e-01  2.65805721e-01
  2.02252015e-01  1.97810695e-01  1.86378777e-01  1.72533050e-01  1.58149451e-01
  1.43171966e-01  1.27587631e-01  1.11389138e-01  9.45650712e-02  7.70983547e-02
  5.89664355e-02  4.03394811e-02  2.13028099e-02  1.94911659e-03 -1.76215116e-02
 -3.73017341e-02 -5.69772497e-02 -7.65272677e-02 -9.58250985e-02 -1.14739023e-01
 -1.33133218e-01 -1.50868952e-01 -1.67805910e-01 -1.83803752e-01 -1.98723629e-01
 -2.12430060e-01 -2.24792674e-01 -2.35688120e-01 -2.45001942e-01 -2.52630413e-01
 -2.58482248e-01 -2.62480319e-01 -2.64562964e-01 -2.64685363e-01 -2.62820423e-01
 -2.58959472e-01 -2.53112763e-01 -2.45309576e-01 -2.35597908e-01 -2.24044099e-01
 -2.10732028e-01 -1.95762068e-01 -1.79249898e-01 -1.61325037e-01 -1.42129377e-01
 -1.21815436e-01 -1.00544810e-01 -7.84864500e-02 -5.58150858e-02 -3.27097028e-02
 -9.35218483e-03  1.40739409e-02  3.73845808e-02  6.03961423e-02  8.29268992e-02
  1.04779691e-01  1.25947297e-01  1.46412820e-01  1.66150019e-01  1.85124084e-01
  2.03292847e-01  2.20608488e-01  2.37019867e-01  2.52475560e-01  2.66927212e-01
  2.03745440e-01  1.99443668e-01  1.88051984e-01  1.74113363e-01  1.59676060e-01
  1.44708067e-01  1.29180759e-01  1.13072135e-01  9.63622406e-02  7.90299624e-02
  6.10513762e-02  4.25846837e-02  2.37145890e-02  4.53345105e-03 -1.48590207e-02
 -3.43560427e-02 -5.38440943e-02 -7.32033625e-02 -9.23083499e-02 -1.11028649e-01
 -1.29229903e-01 -1.46774933e-01 -1.63525045e-01 -1.79341525e-01 -1.94087237e-01
 -2.07628325e-01 -2.19836041e-01 -2.30588555e-01 -2.39772841e-01 -2.47286499e-01
 -2.53039420e-01 -2.56955385e-01 -2.58973628e-01 -2.59049803e-01 -2.57157147e-01
 -2.53287166e-01 -2.47449934e-01 -2.39674255e-01 -2.30007455e-01 -2.18514964e-01
 -2.05279425e-01 -1.90399796e-01 -1.73990026e-01 -1.56177714e-01 -1.37102559e-01
 -1.16914712e-01 -9.57731381e-02 -7.38439783e-02 -5.12989387e-02 -2.83138547e-02
 -5.06736897e-03  1.82600878e-02  4.14868817e-02  6.44297898e-02  8.69013518e-02
  1.08743742e-01  1.29950657e-01  1.50503218e-01  1.70371130e-01  1.89513206e-01
  2.07878038e-01  2.25405425e-01  2.42028669e-01  2.57678181e-01  2.72286326e-01
  2.05659106e-01  2.01548353e-01  1.89876616e-01  1.76001877e-01  1.61640301e-01
  1.46762252e-01  1.31348491e-01  1.15380950e-01  9.88413617e-02  8.17096606e-02
  6.39626756e-02  4.57426012e-02  2.71343328e-02  8.23015347e-03 -1.08709168e-02
 -3.00633349e-02 -4.92352396e-02 -6.82688132e-02 -8.70408043e-02 -1.05423227e-01
 -1.23284325e-01 -1.40489638e-01 -1.56903282e-01 -1.72389418e-01 -1.86813787e-01
 -2.00045407e-01 -2.11958349e-01 -2.22433537e-01 -2.31360540e-01 -2.38639340e-01
 -2.44182050e-01 -2.47914404e-01 -2.49777228e-01 -2.49727517e-01 -2.47739494e-01
 -2.43805140e-01 -2.37934709e-01 -2.30156735e-01 -2.20517889e-01 -2.09082425e-01
 -1.95931435e-01 -1.81161895e-01 -1.64885327e-01 -1.47226527e-01 -1.28321931e-01
 -1.08318031e-01 -8.73697475e-02 -6.56387359e-02 -4.32917960e-02 -2.04993393e-02
  2.56603374e-03  2.57309768e-02  4.88231257e-02  7.16740116e-02  9.40150172e-02
  1.15832016e-01  1.37108222e-01  1.57818586e-01  1.77926660e-01  1.97382301e-01
  2.16120183e-01  2.34059408e-01  2.51104802e-01  2.67151177e-01  2.82090545e-01
  2.07038462e-01  2.03072503e-01  1.91919535e-01  1.78205520e-01  1.63985282e-01
  1.49253637e-01  1.34003058e-01  1.18225843e-01  1.01911828e-01  8.50464106e-02
  6.76082969e-02  4.97133285e-02  3.14543657e-02  1.29250018e-02 -5.77704236e-03
 -2.45486256e-02 -4.32808101e-02 -6.18589930e-02 -8.01633447e-02 -9.80694965e-02
 -1.15449421e-01 -1.32172510e-01 -1.48106858e-01 -1.63120642e-01 -1.77083611e-01
 -1.89868838e-01 -2.01354355e-01 -2.11424902e-01 -2.19973728e-01 -2.26904273e-01
 -2.32131809e-01 -2.35584900e-01 -2.37206787e-01 -2.36956507e-01 -2.34809756e-01
 -2.30759591e-01 -2.24816695e-01 -2.17009544e-01 -2.07384124e-01 -1.96003452e-01
 -1.82946831e-01 -1.68308794e-01 -1.52197912e-01 -1.34735405e-01 -1.16053626e-01
 -9.62943956e-02 -7.56073669e-02 -5.41483909e-02 -3.20778638e-02 -9.55929793e-03
  1.32419122e-02  3.61592062e-02  5.90244196e-02  8.16645101e-02  1.03890836e-01
  1.25707701e-01  1.47107273e-01  1.68069512e-01  1.88559696e-01  2.08524346e-01
  2.27886334e-01  2.46539831e-01  2.64347255e-01  2.81140983e-01  2.96734244e-01
  2.08998621e-01  2.05246285e-01  1.94296792e-01  1.80764183e-01  1.66706681e-01
  1.52134418e-01  1.37061000e-01  1.21497631e-01  1.05448872e-01  8.89127180e-02
  7.18830600e-02  5.43548204e-02  3.65182683e-02  1.84550229e-02  2.55334307e-04
 -1.79832857e-02 -3.61568220e-02 -5.41553572e-02 -7.18637258e-02 -8.91622677e-02
 -1.05927788e-01 -1.22034580e-01 -1.37355730e-01 -1.51764467e-01 -1.65135622e-01
 -1.77347288e-01 -1.88282490e-01 -1.97830781e-01 -2.05890045e-01 -2.12368086e-01
 -2.17184171e-01 -2.20270500e-01 -2.21573487e-01 -2.21054792e-01 -2.18692169e-01
 -2.14480117e-01 -2.08430126e-01 -2.00570822e-01 -1.90947592e-01 -1.79622203e-01
 -1.66672006e-01 -1.52188867e-01 -1.36278033e-01 -1.19056702e-01 -1.00652501e-01
 -8.12018737e-02 -6.08483814e-02 -3.97410057e-02 -1.80324260e-02  4.12271032e-03
  2.65695918e-02  4.91554216e-02  7.17326775e-02  9.40544233e-02  1.16120487e-01
  1.37934327e-01  1.59496576e-01  1.80800557e-01  2.01826870e-01  2.22536251e-01
  2.42858738e-01  2.62678295e-01  2.81813055e-01  2.99997330e-01  3.16884905e-01
  2.11625472e-01  2.08143443e-01  1.97114944e-01  1.83785468e-01  1.69836506e-01
  1.55350253e-01  1.40401483e-01  1.25029057e-01  1.09247774e-01  9.30575952e-02
  7.64489099e-02  5.94049767e-02  4.20966931e-02  2.46046148e-02  7.01535400e-03
 -1.05782263e-02 -2.80771833e-02 -4.53768894e-02 -6.23676032e-02 -7.89352357e-02
 -9.49622318e-02 -1.10328682e-01 -1.24913514e-01 -1.38595849e-01 -1.51256487e-01
 -1.62779406e-01 -1.73053414e-01 -1.81973755e-01 -1.89443707e-01 -1.95376202e-01
 -1.99695274e-01 -2.02337399e-01 -2.03252748e-01 -2.02406183e-01 -1.99777991e-01
 -1.95364490e-01 -1.89178333e-01 -1.81248441e-01 -1.71619862e-01 -1.60353154e-01
 -1.47523686e-01 -1.33220628e-01 -1.17545746e-01 -1.00612029e-01 -8.25421438e-02
 -6.34668767e-02 -4.35233749e-02 -2.28535067e-02 -1.60214771e-03  2.00843923e-02
  4.20597456e-02  6.41784370e-02  8.62958357e-02  1.08276367e-01  1.30146235e-01
  1.51930183e-01  1.73652858e-01  1.95337951e-01  2.17005283e-01  2.38665015e-01
  2.60306656e-01  2.81877398e-01  3.03236604e-01  3.24056000e-01  3.43654066e-01
  2.15276778e-01  2.12384656e-01  2.01541811e-01  1.87702090e-01  1.73382610e-01
  1.58727437e-01  1.43783599e-01  1.28561422e-01  1.13054641e-01  9.72479507e-02
  8.11202452e-02  6.46462217e-02  4.79625799e-02  3.11440211e-02  1.42716253e-02
 -2.56743934e-03 -1.92801096e-02 -3.57677713e-02 -5.19268066e-02 -6.76493421e-02
 -8.28241482e-02 -9.73377377e-02 -1.11075528e-01 -1.23923212e-01 -1.35768160e-01
 -1.46500900e-01 -1.56016707e-01 -1.64217070e-01 -1.71011358e-01 -1.76318198e-01
 -1.80066898e-01 -1.82198808e-01 -1.82668313e-01 -1.81443885e-01 -1.78508759e-01
 -1.73861459e-01 -1.67516008e-01 -1.59501955e-01 -1.49864122e-01 -1.38662055e-01
 -1.25969321e-01 -1.11872479e-01 -9.64699239e-02 -7.98705146e-02 -6.21920899e-02
 -4.35598381e-02 -2.41045877e-02 -3.96109000e-03  1.67337414e-02  3.78425457e-02
  5.92292063e-02  8.07604864e-02  1.02280878e-01  1.23810776e-01  1.45381078e-01
  1.67032346e-01  1.88815594e-01  2.10793644e-01  2.33042985e-01  2.55655766e-01
  2.78742611e-01  3.02437156e-01  3.26908559e-01  3.52417648e-01  3.78946990e-01
  2.20773578e-01  2.19053924e-01  2.06832573e-01  1.91572890e-01  1.76575139e-01
  1.61656156e-01  1.46713272e-01  1.31683275e-01  1.16519183e-01  1.01180680e-01
  8.56300816e-02  6.98295608e-02  5.38723208e-02  3.78311649e-02  2.17815116e-02
  5.80388075e-03 -1.00154364e-02 -2.55845413e-02 -4.08064798e-02 -5.55800498e-02
 -6.98007494e-02 -8.33619013e-02 -9.61558297e-02 -1.08075179e-01 -1.19014315e-01
 -1.28870755e-01 -1.37546599e-01 -1.44950092e-01 -1.50997043e-01 -1.55612171e-01
 -1.58730537e-01 -1.60298586e-01 -1.60275370e-01 -1.58633262e-01 -1.55358717e-01
 -1.50452703e-01 -1.43930882e-01 -1.35823667e-01 -1.26175895e-01 -1.15046337e-01
 -1.02506965e-01 -8.86420235e-02 -7.35468715e-02 -5.73266447e-02 -4.00948040e-02
 -2.19714977e-02 -3.08184372e-03  1.64458491e-02  3.64818759e-02  5.68969846e-02
  7.75642619e-02  9.83110592e-02  1.19152382e-01  1.40114069e-01  1.61234841e-01
  1.82568774e-01  2.04188645e-01  2.26190627e-01  2.48701081e-01  2.71886230e-01
  2.95966536e-01  3.21238875e-01  3.48112583e-01  3.77163023e-01  4.07933444e-01
  2.22368449e-01  2.21086055e-01  2.08560765e-01  1.93178907e-01  1.78118616e-01
  1.63274840e-01  1.48562387e-01  1.33906916e-01  1.19245157e-01  1.04523219e-01
  8.96954685e-02  7.47246295e-02  5.95844612e-02  4.44243588e-02  2.93037947e-02
  1.42926602e-02 -5.31000260e-04 -1.50825018e-02 -2.92717051e-02 -4.30041179e-02
 -5.61820120e-02 -6.87055662e-02 -8.04741159e-02 -9.13873985e-02 -1.01346932e-01
 -1.10257372e-01 -1.18027933e-01 -1.24573745e-01 -1.29817277e-01 -1.33689612e-01
 -1.36131629e-01 -1.37095243e-01 -1.36544198e-01 -1.34455025e-01 -1.30817533e-01
 -1.25635311e-01 -1.18925884e-01 -1.10720657e-01 -1.01064697e-01 -9.00162458e-02
 -7.76460245e-02 -6.40363470e-02 -4.92800325e-02 -3.34791616e-02 -1.67436413e-02
  8.10379221e-04  1.90623011e-02  3.78889889e-02  5.71663827e-02  7.67712742e-02
  9.65245590e-02  1.16428629e-01  1.36495948e-01  1.56750947e-01  1.77232549e-01
  1.97997510e-01  2.19124988e-01  2.40722805e-01  2.62936145e-01  2.85959810e-01
  3.10054600e-01  3.35568666e-01  3.62960368e-01  3.92810732e-01  4.24430013e-01
  2.20105618e-01  2.18983382e-01  2.07201272e-01  1.92136675e-01  1.77426443e-01
  1.63022205e-01  1.48847297e-01  1.34824768e-01  1.20883949e-01  1.06962860e-01
  9.30084139e-02  7.89754316e-02  6.48248568e-02  5.06845042e-02  3.66120376e-02
  2.26736590e-02  8.94273631e-03 -4.50129062e-03 -1.75739340e-02 -3.01866941e-02
 -4.22481298e-02 -5.36649972e-02 -6.43434152e-02 -7.41900951e-02 -8.31136480e-02
 -9.10258442e-02 -9.78429541e-02 -1.03487045e-01 -1.07887261e-01 -1.10981017e-01
 -1.12715147e-01 -1.13046914e-01 -1.11944899e-01 -1.09389745e-01 -1.05374701e-01
 -9.99060124e-02 -9.30030867e-02 -8.46984684e-02 -7.50376061e-02 -6.40784204e-02
 -5.18906601e-02 -3.85551117e-02 -2.41626166e-02 -8.81297141e-03  7.38631422e-03
  2.43214462e-02  4.18742858e-02  5.99257909e-02  7.83558413e-02  9.69918221e-02
  1.15820535e-01  1.34836584e-01  1.54043823e-01  1.73457146e-01  1.93104848e-01
  2.13031620e-01  2.33302593e-01  2.54008621e-01  2.75273830e-01  2.97265947e-01
  3.20211440e-01  3.44418883e-01  3.70317221e-01  3.98531020e-01  4.27733362e-01
  2.15384051e-01  2.14435488e-01  2.02783793e-01  1.88225508e-01  1.74195036e-01
  1.60583273e-01  1.47280455e-01  1.34188101e-01  1.21223532e-01  1.08319230e-01
  9.54202563e-02  8.24811086e-02  6.94620311e-02  5.64606972e-02  4.35403101e-02
  3.07669789e-02  1.82115696e-02  5.94976265e-03 -5.93851740e-03 -1.73699427e-02
 -2.82587428e-02 -3.85177545e-02 -4.80595119e-02 -5.67974150e-02 -6.46468997e-02
 -7.15266615e-02 -7.73598552e-02 -8.20753127e-02 -8.56087059e-02 -8.79036486e-02
 -8.89127627e-02 -8.85985643e-02 -8.69343057e-02 -8.39046389e-02 -7.95061216e-02
 -7.37475753e-02 -6.66502491e-02 -5.82477972e-02 -4.85860780e-02 -3.77227850e-02
 -2.57268660e-02 -1.26778251e-02  1.33515045e-03  1.62140671e-02  3.18529196e-02
  4.81376760e-02  6.49448708e-02  8.21644440e-02  9.96453315e-02  1.17359281e-01
  1.35282621e-01  1.53397605e-01  1.71693608e-01  1.90168470e-01  2.08830014e-01
  2.27697894e-01  2.46805742e-01  2.66203582e-01  2.85960734e-01  3.06169510e-01
  3.26949775e-01  3.48456949e-01  3.70898008e-01  3.94562066e-01  4.18590993e-01
  2.06844345e-01  2.05880910e-01  1.94583327e-01  1.80962607e-01  1.68116167e-01
  1.55775458e-01  1.43755227e-01  1.31930202e-01  1.20214798e-01  1.08548701e-01
  9.68882069e-02  8.52015987e-02  7.34673291e-02  6.16757944e-02  4.99813184e-02
  3.84418331e-02  2.71236412e-02  1.60986092e-02  5.44261420e-03 -4.76556132e-03
 -1.44452387e-02 -2.35148296e-02 -3.18928584e-02 -3.94990109e-02 -4.62552235e-02
 -5.20867892e-02 -5.69234602e-02 -6.07005432e-02 -6.33599684e-02 -6.48512691e-02
 -6.51325732e-02 -6.41713664e-02 -6.19453155e-02 -5.84427975e-02 -5.36634289e-02
 -4.76183593e-02 -4.03304659e-02 -3.18343379e-02 -2.21761502e-02 -1.14133181e-02
  3.85974563e-04  1.31434668e-02  2.67717615e-02  4.11754809e-02  5.62539473e-02
  7.19017014e-02  8.79135206e-02  1.04261443e-01  1.20895542e-01  1.37772560e-01
  1.54854029e-01  1.72105938e-01  1.89498797e-01  2.07008302e-01  2.24615842e-01
  2.42309064e-01  2.60081977e-01  2.77934313e-01  2.95869440e-01  3.13889682e-01
  3.31986994e-01  3.50123793e-01  3.68190497e-01  3.85884672e-01  4.02370095e-01
  1.92179069e-01  1.90511093e-01  1.81019127e-01  1.69751152e-01  1.59123912e-01
  1.48745656e-01  1.38473570e-01  1.28240943e-01  1.18010253e-01  1.07757643e-01
  9.74668637e-02  8.71262476e-02  7.67267644e-02  6.62591234e-02  5.58625460e-02
  4.56087366e-02  3.55679318e-02  2.58117169e-02  1.64136030e-02  7.44876731e-03
 -1.00656436e-03 -8.87588412e-03 -1.60832703e-02 -2.25543082e-02 -2.82170661e-02
 -3.30030695e-02 -3.68483029e-02 -3.96941863e-02 -4.14885320e-02 -4.21864428e-02
 -4.17511426e-02 -4.01547365e-02 -3.73788662e-02 -3.34152579e-02 -2.82661598e-02
 -2.19446570e-02 -1.44748474e-02 -5.89191541e-03  3.75795527e-03  1.44177722e-02
  2.60200761e-02  3.84872258e-02  5.17325737e-02  6.56572506e-02  8.01674873e-02
  9.51070637e-02  1.10429563e-01  1.26087919e-01  1.42031670e-01  1.58209443e-01
  1.74569786e-01  1.91061750e-01  2.07635373e-01  2.24242046e-01  2.40834966e-01
  2.57369101e-01  2.73800641e-01  2.90085256e-01  3.06174368e-01  3.22008431e-01
  3.37505817e-01  3.52544636e-01  3.66936743e-01  3.80399019e-01  3.92551184e-01
  1.71696380e-01  1.67835891e-01  1.62629411e-01  1.55985460e-01  1.48436785e-01
  1.40421912e-01  1.32121712e-01  1.23624101e-01  1.14977807e-01  1.06212631e-01
  9.73486602e-02  8.84010568e-02  7.93831348e-02  7.03093633e-02  6.12003393e-02
  5.22359312e-02  4.34782766e-02  3.49945761e-02  2.68546809e-02  1.91298723e-02
  1.18920021e-02  5.21271862e-03 -8.37331056e-04 -6.18931977e-03 -1.07770963e-02
 -1.45380618e-02 -1.74140520e-02 -1.93522070e-02 -2.03058161e-02 -2.02351082e-02
 -1.91079900e-02 -1.69006977e-02 -1.35983760e-02 -9.19557456e-03 -3.69663001e-03
  2.88404478e-03  1.05217379e-02  1.91813130e-02  2.88172197e-02  3.93734761e-02
  5.07844947e-02  6.29716143e-02  7.58630484e-02  8.92984048e-02  1.03246979e-01
  1.17652573e-01  1.32460013e-01  1.47612765e-01  1.63051382e-01  1.78713053e-01
  1.94531575e-01  2.10437521e-01  2.26358742e-01  2.42220953e-01  2.57948637e-01
  2.73465753e-01  2.88696021e-01  3.03562671e-01  3.17986637e-01  3.31883073e-01
  3.45156103e-01  3.57692093e-01  3.69353712e-01  3.79979223e-01  3.89392287e-01
  1.57094389e-01  1.52724445e-01  1.48589507e-01  1.43890783e-01  1.38357416e-01
  1.32213473e-01  1.25629142e-01  1.18722364e-01  1.11573964e-01  1.04240656e-01
  9.67638716e-02  8.91754478e-02  8.15010518e-02  7.37617835e-02  6.59735203e-02
  5.82984090e-02  5.08108512e-02  4.35806103e-02  3.66761945e-02  3.01657766e-02
  2.41171643e-02  1.85973551e-02  1.36719374e-02  9.40440502e-03  5.85542200e-03
  3.08205164e-03  1.13698223e-03  6.77513381e-05 -8.39983986e-05  7.16791430e-04
  2.49798154e-03  5.27969515e-03  9.07381158e-03  1.38835246e-02  1.97030362e-02
  2.65174136e-02  3.43022235e-02  4.30232175e-02  5.26367947e-02  6.30867034e-02
  7.43234083e-02  8.61993060e-02  9.86959785e-02  1.11766949e-01  1.25366583e-01
  1.39444366e-01  1.53945103e-01  1.68808281e-01  1.83967054e-01  1.99347422e-01
  2.14867681e-01  2.30438322e-01  2.45962501e-01  2.61337191e-01  2.76455104e-01
  2.91207314e-01  3.05486083e-01  3.19187671e-01  3.32214326e-01  3.44475180e-01
  3.55885744e-01  3.66366655e-01  3.75842571e-01  3.84242564e-01  3.91503751e-01
  1.46214858e-01  1.41752273e-01  1.38017401e-01  1.34166315e-01  1.29754931e-01
  1.24866433e-01  1.19587779e-01  1.13995805e-01  1.08154431e-01  1.02115914e-01
  9.59233642e-02  8.96133780e-02  8.32182914e-02  7.67682567e-02  7.02938288e-02
  6.38307855e-02  5.75573668e-02  5.15317991e-02  4.58158329e-02  4.04725373e-02
  3.55649590e-02  3.11552342e-02  2.73038838e-02  2.40691975e-02  2.15065759e-02
  1.96678657e-02  1.86006483e-02  1.83475371e-02  1.89454835e-02  2.04251558e-02
  2.28105020e-02  2.61185020e-02  3.03586498e-02  3.55323255e-02  4.16325107e-02
  4.86451462e-02  5.65476306e-02  6.53057843e-02  7.48907253e-02  8.51792395e-02
  9.61657688e-02  1.07817777e-01  1.20104209e-01  1.32989407e-01  1.46433279e-01
  1.60390005e-01  1.74806923e-01  1.89622849e-01  2.04766497e-01  2.20154613e-01
  2.35690445e-01  2.51262724e-01  2.66745657e-01  2.82000333e-01  2.96878308e-01
  3.11226875e-01  3.24896544e-01  3.37749094e-01  3.49665195e-01  3.60550344e-01
  3.70337993e-01  3.78989518e-01  3.86491925e-01  3.92853528e-01  3.98099601e-01
  1.37236282e-01  1.32747561e-01  1.29346848e-01  1.26033381e-01  1.22369073e-01
  1.18386291e-01  1.14119984e-01  1.09607466e-01  1.04885928e-01  9.99912843e-02
  9.49577913e-02  8.98181424e-02  8.46036747e-02  7.93444142e-02  7.40686134e-02
  6.88007250e-02  6.36955798e-02  5.88177443e-02  5.42282686e-02  4.99880873e-02
  4.61566150e-02  4.27914299e-02  3.99480648e-02  3.76796834e-02  3.60366292e-02
  3.50658670e-02  3.48103382e-02  3.53082530e-02  3.65922600e-02  3.86886597e-02
  4.16170433e-02  4.53919880e-02  5.00220321e-02  5.55072650e-02  6.18345253e-02
  6.89960122e-02  7.69821629e-02  8.57000723e-02  9.51551944e-02  1.05329283e-01
  1.16206430e-01  1.27767459e-01  1.39990494e-01  1.52849898e-01  1.66315258e-01
  1.80349827e-01  1.94908559e-01  2.09935695e-01  2.25361615e-01  2.41099387e-01
  2.57040948e-01  2.73053616e-01  2.88977534e-01  3.04625839e-01  3.19788665e-01
  3.34242761e-01  3.47766638e-01  3.60159308e-01  3.71258825e-01  3.80956829e-01
  3.89206111e-01  3.96020353e-01  4.01466191e-01  4.05649453e-01  4.08697724e-01
  1.29367650e-01  1.24901682e-01  1.21669754e-01  1.18785277e-01  1.15735620e-01
  1.12510405e-01  1.09106854e-01  1.05530567e-01  1.01795100e-01  9.79203209e-02
  9.39306319e-02  8.98535922e-02  8.57189298e-02  8.15579742e-02  7.74034336e-02
  7.32896328e-02  6.92539066e-02  6.54387772e-02  6.18906319e-02  5.86714037e-02
  5.58360480e-02  5.34363762e-02  5.15221283e-02  5.01410104e-02  4.93383408e-02
  4.91566136e-02  4.96349186e-02  5.08082248e-02  5.27062081e-02  5.53507544e-02
  5.87499365e-02  6.29188567e-02  6.78729042e-02  7.36273304e-02  8.00971016e-02
  8.73064250e-02  9.52606425e-02  1.03950143e-01  1.13369882e-01  1.23513848e-01
  1.34375498e-01  1.45947129e-01  1.58219308e-01  1.71180099e-01  1.84813842e-01
  1.99099451e-01  2.14008033e-01  2.29499549e-01  2.45518297e-01  2.61986941e-01
  2.78798997e-01  2.95809776e-01  3.12826753e-01  3.29601645e-01  3.45829248e-01
  3.61159235e-01  3.75226736e-01  3.87697667e-01  3.98314834e-01  4.06930447e-01
  4.13520694e-01  4.18183446e-01  4.21120524e-01  4.22602952e-01  4.22924072e-01
  1.21715724e-01  1.17234588e-01  1.14238933e-01  1.11825645e-01  1.09421484e-01
  1.06956907e-01  1.04386337e-01  1.01688467e-01  9.88609642e-02  9.59146693e-02
  9.28693265e-02  8.97507071e-02  8.65887851e-02  8.34167823e-02  8.02708566e-02
  7.71903396e-02  7.42188245e-02  7.14060739e-02  6.87827021e-02  6.64902031e-02
  6.45633340e-02  6.30426481e-02  6.19702563e-02  6.13878928e-02  6.13358803e-02
  6.18526004e-02  6.29743040e-02  6.47354797e-02  6.71702102e-02  7.03159720e-02
  7.40949064e-02  7.85463154e-02  8.36934820e-02  8.95481035e-02  9.61087123e-02
  1.03380762e-01  1.11369818e-01  1.20079987e-01  1.29515544e-01  1.39681101e-01
  1.50581732e-01  1.62222952e-01  1.74610540e-01  1.87750161e-01  2.01646566e-01
  2.16302350e-01  2.31715858e-01  2.47877911e-01  2.64766842e-01  2.82340795e-01
  3.00526530e-01  3.19202602e-01  3.38175833e-01  3.57149333e-01  3.75687540e-01
  3.93200636e-01  4.08996850e-01  4.22424227e-01  4.33014959e-01  4.40543056e-01
  4.45021510e-01  4.46695417e-01  4.46032137e-01  4.43659067e-01  4.40216660e-01
  1.13366112e-01  1.08736813e-01  1.06228217e-01  1.04609683e-01  1.03119902e-01
  1.01571262e-01  9.98935923e-02  9.80678424e-02  9.60986540e-02  9.40034539e-02
  9.18073654e-02  8.95404741e-02  8.72362927e-02  8.49309862e-02  8.26629698e-02
  8.04729611e-02  7.84041360e-02  7.65024498e-02  7.48164877e-02  7.34042004e-02
  7.23134130e-02  7.15872198e-02  7.12658837e-02  7.13874325e-02  7.19876960e-02
  7.31002167e-02  7.47559741e-02  7.69829303e-02  7.98051283e-02  8.32403600e-02
  8.72942060e-02  9.19806361e-02  9.73144248e-02  1.03308544e-01  1.09973855e-01
  1.17321342e-01  1.25362411e-01  1.34109035e-01  1.43574342e-01  1.53772995e-01
  1.64721772e-01  1.76440001e-01  1.88949987e-01  2.02277437e-01  2.16451705e-01
  2.31505767e-01  2.47475833e-01  2.64400005e-01  2.82315373e-01  3.01252812e-01
  3.21227074e-01  3.42219681e-01  3.64148229e-01  3.86809677e-01  4.09763694e-01
  4.32078212e-01  4.52060610e-01  4.68034089e-01  4.79242653e-01  4.85497862e-01
  4.86880988e-01  4.83745992e-01  4.76945549e-01  4.68142539e-01  4.59086776e-01
  1.02808475e-01  9.72734690e-02  9.66874585e-02  9.71253663e-02  9.70149338e-02
  9.65435505e-02  9.57872644e-02  9.47949216e-02  9.36079174e-02  9.22656283e-02
  9.08071399e-02  8.92717540e-02  8.76991674e-02  8.61295089e-02  8.46034065e-02
  8.31620544e-02  8.18472952e-02  8.07015970e-02  7.97679797e-02  7.90896863e-02
  7.87077695e-02  7.86607340e-02  7.89846778e-02  7.97133967e-02  8.08785036e-02
  8.25093761e-02  8.46330523e-02  8.72740820e-02  9.04542431e-02  9.41922739e-02
  9.85041857e-02  1.03405669e-01  1.08912282e-01  1.15039296e-01  1.21801853e-01
  1.29215583e-01  1.37297079e-01  1.46064445e-01  1.55537948e-01  1.65740773e-01
  1.76699772e-01  1.88446611e-01  2.01018766e-01  2.14461088e-01  2.28827342e-01
  2.44182274e-01  2.60603935e-01  2.78186262e-01  2.97041982e-01  3.17304879e-01
  3.39131176e-01  3.62698317e-01  3.88199598e-01  4.15837348e-01  4.45835352e-01
  4.78600591e-01  5.07832646e-01  5.27654886e-01  5.39520085e-01  5.44193745e-01
  5.41036785e-01  5.30665934e-01  5.12131572e-01  4.91217285e-01  4.75138783e-01
  9.54153538e-02  8.95346999e-02  8.97025093e-02  9.11993086e-02  9.20647904e-02
  9.24373418e-02  9.24238190e-02  9.21060368e-02  9.15503502e-02  9.08140019e-02
  8.99486542e-02  8.90023634e-02  8.80207121e-02  8.70474875e-02  8.61250982e-02
  8.52948204e-02  8.45969692e-02  8.40708911e-02  8.37548599e-02  8.36858526e-02
  8.38990733e-02  8.44277143e-02  8.53029191e-02  8.65538120e-02  8.82076249e-02
  9.02897120e-02  9.28236544e-02  9.58313048e-02  9.93328467e-02  1.03346959e-01
  1.07891165e-01  1.12982437e-01  1.18637562e-01  1.24873504e-01  1.31707743e-01
  1.39158711e-01  1.47246376e-01  1.55992821e-01  1.65423065e-01  1.75565913e-01
  1.86455101e-01  1.98130712e-01  2.10640848e-01  2.24043891e-01  2.38411456e-01
  2.53832221e-01  2.70417094e-01  2.88306326e-01  3.07678998e-01  3.28766346e-01
  3.51869076e-01  3.77379298e-01  4.05804574e-01  4.37787712e-01  4.74119931e-01
  5.12865603e-01  5.42347550e-01  5.62307239e-01  5.73262036e-01  5.74842155e-01
  5.67343175e-01  5.49459875e-01  5.22957861e-01  5.00010014e-01  4.81403887e-01
  9.12625715e-02  8.52798447e-02  8.57442766e-02  8.75787213e-02  8.88621137e-02
  8.96753818e-02  9.00972188e-02  9.02033597e-02  9.00634602e-02  8.97407308e-02
  8.92926678e-02  8.87720138e-02  8.82276371e-02  8.77052546e-02  8.72479156e-02
  8.68962780e-02  8.66888389e-02  8.66619423e-02  8.68498459e-02  8.72846320e-02
  8.79962370e-02  8.90124664e-02  9.03591141e-02  9.20601562e-02  9.41379666e-02
  9.66135114e-02  9.95065793e-02  1.02835946e-01  1.06619537e-01  1.10874668e-01
  1.15618244e-01  1.20867044e-01  1.26638025e-01  1.32948592e-01  1.39816955e-01
  1.47262588e-01  1.55306667e-01  1.63972765e-01  1.73287585e-01  1.83281928e-01
  1.93991855e-01  2.05460146e-01  2.17738181e-01  2.30888456e-01  2.44987786e-01
  2.60131836e-01  2.76441425e-01  2.94071406e-01  3.13223958e-01  3.34168643e-01
  3.57273668e-01  3.83055866e-01  4.12258953e-01  4.45945412e-01  4.85203654e-01
  5.19792616e-01  5.45698225e-01  5.62928438e-01  5.71219742e-01  5.70541620e-01
  5.59423208e-01  5.37117064e-01  5.13081789e-01  4.92892265e-01  4.75827843e-01
  8.99505913e-02  8.39787424e-02  8.41947347e-02  8.60611573e-02  8.74264166e-02
  8.83471370e-02  8.88986513e-02  8.91563371e-02  8.91909823e-02  8.90671909e-02
  8.88436064e-02  8.85736719e-02  8.83065239e-02  8.80876556e-02  8.79593045e-02
  8.79606307e-02  8.81277770e-02  8.84938240e-02  8.90888274e-02  8.99398401e-02
  9.10711214e-02  9.25044119e-02  9.42592993e-02  9.63536575e-02  9.88041013e-02
  1.01626374e-01  1.04835719e-01  1.08447142e-01  1.12475596e-01  1.16936162e-01
  1.21844128e-01  1.27215117e-01  1.33065209e-01  1.39411077e-01  1.46270290e-01
  1.53661549e-01  1.61605209e-01  1.70123726e-01  1.79242387e-01  1.88990146e-01
  1.99400514e-01  2.10512862e-01  2.22373858e-01  2.35039383e-01  2.48576954e-01
  2.63069063e-01  2.78617561e-01  2.95349807e-01  3.13427657e-01  3.33060503e-01
  3.54526579e-01  3.78208995e-01  4.04667765e-01  4.34832364e-01  4.67111319e-01
  4.94056731e-01  5.14449775e-01  5.27957499e-01  5.34443676e-01  5.32816529e-01
  5.22700727e-01  5.05424440e-01  4.89033908e-01  4.74171907e-01  4.60831434e-01
  9.05911624e-02  8.45786333e-02  8.48528147e-02  8.65416750e-02  8.76829103e-02
  8.83898735e-02  8.87656882e-02  8.88986811e-02  8.88627917e-02  8.87209326e-02
  8.85283127e-02  8.83350149e-02  8.81874338e-02  8.81289765e-02  8.82001072e-02
  8.84380639e-02  8.88764039e-02  8.95446762e-02  9.04681683e-02  9.16680098e-02
  9.31614786e-02  9.49626565e-02  9.70831439e-02  9.95329693e-02  1.02321394e-01
  1.05457634e-01  1.08951390e-01  1.12813190e-01  1.17054544e-01  1.21687941e-01
  1.26726732e-01  1.32184967e-01  1.38077348e-01  1.44419059e-01  1.51225880e-01
  1.58514366e-01  1.66302145e-01  1.74608350e-01  1.83454171e-01  1.92863390e-01
  2.02863112e-01  2.13484362e-01  2.24762902e-01  2.36740008e-01  2.49463320e-01
  2.62987792e-01  2.77376413e-01  2.92700827e-01  3.09040755e-01  3.26481342e-01
  3.45104724e-01  3.64968389e-01  3.86050165e-01  4.08118039e-01  4.30126637e-01
  4.49297398e-01  4.64383274e-01  4.74865437e-01  4.80368733e-01  4.80634928e-01
  4.75732416e-01  4.67741013e-01  4.58722055e-01  4.49430048e-01  4.40305114e-01
  9.40865502e-02  8.81325603e-02  8.80522355e-02  8.91005397e-02  8.95458534e-02
  8.96276385e-02  8.94905776e-02  8.92238617e-02  8.88878405e-02  8.85295570e-02
  8.81911069e-02  8.79134685e-02  8.77378136e-02  8.77051502e-02  8.78551006e-02
  8.82242993e-02  8.88448283e-02  8.97430331e-02  9.09388810e-02  9.24459249e-02
  9.42719728e-02  9.64202806e-02  9.88911614e-02  1.01683632e-01  1.04796991e-01
  1.08232014e-01  1.11991748e-01  1.16081826e-01  1.20510459e-01  1.25288039e-01
  1.30426615e-01  1.35939285e-01  1.41839609e-01  1.48141161e-01  1.54857323e-01
  1.62001401e-01  1.69586778e-01  1.77627474e-01  1.86138466e-01  1.95136309e-01
  2.04639301e-01  2.14667767e-01  2.25243896e-01  2.36391485e-01  2.48135284e-01
  2.60499775e-01  2.73507059e-01  2.87173361e-01  3.01502854e-01  3.16477358e-01
  3.32038492e-01  3.48058224e-01  3.64291579e-01  3.80311877e-01  3.95467550e-01
  4.08975750e-01  4.20145333e-01  4.28502411e-01  4.33801413e-01  4.36041504e-01
  4.35517877e-01  4.32812393e-01  4.28605944e-01  4.23477888e-01  4.17854309e-01
  1.01949781e-01  9.66908485e-02  9.46880206e-02  9.36573148e-02  9.25847962e-02
  9.15603563e-02  9.06156674e-02  8.97478163e-02  8.89523253e-02  8.82341713e-02
  8.76103118e-02  8.71093199e-02  8.67690295e-02  8.66329074e-02  8.67456049e-02
  8.71485919e-02  8.78764391e-02  8.89541879e-02  9.03959200e-02  9.22047421e-02
  9.43740383e-02  9.68900993e-02  9.97354463e-02  1.02892384e-01  1.06345937e-01
  1.10085852e-01  1.14107586e-01  1.18412390e-01  1.23006679e-01  1.27901003e-01
  1.33108556e-01  1.38643667e-01  1.44520387e-01  1.50751397e-01  1.57347500e-01
  1.64317653e-01  1.71669409e-01  1.79409757e-01  1.87545970e-01  1.96086109e-01
  2.05039307e-01  2.14415312e-01  2.24223852e-01  2.34473422e-01  2.45169699e-01
  2.56313264e-01  2.67896533e-01  2.79899389e-01  2.92282939e-01  3.04981083e-01
  3.17889154e-01  3.30850244e-01  3.43641728e-01  3.55969071e-01  3.67477864e-01
  3.77792507e-01  3.86571825e-01  3.93559813e-01  3.98618817e-01  4.01745886e-01
  4.03072178e-01  4.02837843e-01  4.01342869e-01  3.98893416e-01  3.95764232e-01
  1.10371277e-01  1.05726570e-01  1.01757698e-01  9.82889757e-02  9.52054039e-02
  9.30840820e-02  9.13889259e-02  8.99538547e-02  8.86914209e-02  8.75608474e-02
  8.65572914e-02  8.57062265e-02  8.50566402e-02  8.46713781e-02  8.46162736e-02
  8.49505514e-02  8.57200027e-02  8.69525820e-02  8.86559784e-02  9.08172429e-02
  9.34050977e-02  9.63755772e-02  9.96799916e-02  1.03273064e-01  1.07118793e-01
  1.11193195e-01  1.15484603e-01  1.19992554e-01  1.24726065e-01  1.29701316e-01
  1.34938672e-01  1.40459076e-01  1.46280840e-01  1.52417600e-01  1.58877328e-01
  1.65662512e-01  1.72771573e-01  1.80201128e-01  1.87948406e-01  1.96012601e-01
  2.04394817e-01  2.13097006e-01  2.22120389e-01  2.31463641e-01  2.41120741e-01
  2.51078665e-01  2.61314541e-01  2.71792263e-01  2.82458454e-01  2.93238014e-01
  3.04029375e-01  3.14700633e-01  3.25088352e-01  3.35001349e-01  3.44231218e-01
  3.52570266e-01  3.59833509e-01  3.65879923e-01  3.70628744e-01  3.74067426e-01
  3.76250237e-01  3.77287567e-01  3.77327710e-01  3.76536548e-01  3.75079542e-01
  1.15975678e-01  1.11292265e-01  1.06667593e-01  1.01971403e-01  9.71720740e-02
  9.35150161e-02  9.11869034e-02  8.94864053e-02  8.79048035e-02  8.63852575e-02
  8.49156082e-02  8.35425407e-02  8.23653564e-02  8.15094784e-02  8.10967460e-02
  8.12266618e-02  8.19692016e-02  8.33622366e-02  8.54081884e-02  8.80695358e-02
  9.12684053e-02  9.48980227e-02  9.88462865e-02  1.03019238e-01  1.07352369e-01
  1.11809783e-01  1.16378471e-01  1.21063091e-01  1.25883251e-01  1.30872086e-01
  1.36071369e-01  1.41521022e-01  1.47250742e-01  1.53277740e-01  1.59606427e-01
  1.66227847e-01  1.73121214e-01  1.80262417e-01  1.87633768e-01  1.95226669e-01
  2.03038752e-01  2.11070076e-01  2.19319925e-01  2.27784216e-01  2.36453310e-01
  2.45309919e-01  2.54327208e-01  2.63466775e-01  2.72676647e-01  2.81889558e-01
  2.91021764e-01  2.99972922e-01  3.08627814e-01  3.16860527e-01  3.24541062e-01
  3.31544667e-01  3.37762088e-01  3.43109161e-01  3.47534448e-01  3.51023108e-01
  3.53596598e-01  3.55308235e-01  3.56235802e-01  3.56472462e-01  3.56117934e-01
  1.20617151e-01  1.16009459e-01  1.11230090e-01  1.06130973e-01  1.00580588e-01
  9.56944078e-02  9.17703286e-02  8.88192132e-02  8.68238211e-02  8.49892646e-02
  8.28849301e-02  8.06070194e-02  7.84355998e-02  7.66866505e-02  7.55985975e-02
  7.53208697e-02  7.59462044e-02  7.75311813e-02  8.00936520e-02  8.35842639e-02
  8.78399909e-02  9.25829187e-02  9.75334719e-02  1.02516659e-01  1.07457571e-01
  1.12337947e-01  1.17165528e-01  1.21959411e-01  1.26748085e-01  1.31589919e-01
  1.36605620e-01  1.41889572e-01  1.47478670e-01  1.53389990e-01  1.59630299e-01
  1.66185021e-01  1.72974616e-01  1.79897919e-01  1.86923996e-01  1.94054008e-01
  2.01296881e-01  2.08661839e-01  2.16154873e-01  2.23776504e-01  2.31520131e-01
  2.39370868e-01  2.47304544e-01  2.55287111e-01  2.63274074e-01  2.71210372e-01
  2.79030770e-01  2.86660790e-01  2.94018894e-01  3.01019579e-01  3.07577461e-01
  3.13612491e-01  3.19055080e-01  3.23850900e-01  3.27964693e-01  3.31382185e-01
  3.34110290e-01  3.36175203e-01  3.37619066e-01  3.38495672e-01  3.38866055e-01
  1.25012875e-01  1.20754138e-01  1.16283998e-01  1.11528054e-01  1.06448285e-01
  1.01066194e-01  9.57733765e-02  9.12740007e-02  8.76234844e-02  8.48335698e-02
  8.15113410e-02  7.71392658e-02  7.26719946e-02  6.92727193e-02  6.71020746e-02
  6.61847442e-02  6.65605068e-02  6.83087334e-02  7.15542063e-02  7.64523223e-02
  8.30223262e-02  9.00693461e-02  9.65772197e-02  1.02556340e-01  1.08119853e-01
  1.13368198e-01  1.18374944e-01  1.23185135e-01  1.27811372e-01  1.32230133e-01
  1.36889920e-01  1.41941845e-01  1.47350088e-01  1.53139427e-01  1.59318432e-01
  1.65931851e-01  1.72821924e-01  1.79556787e-01  1.86213300e-01  1.92841560e-01
  1.99479133e-01  2.06154853e-01  2.12888613e-01  2.19690695e-01  2.26561293e-01
  2.33490631e-01  2.40459353e-01  2.47439131e-01  2.54393339e-01  2.61277914e-01
  2.68042177e-01  2.74630398e-01  2.80983329e-01  2.87040621e-01  2.92743355e-01
  2.98036873e-01  3.02873850e-01  3.07216704e-01  3.11039597e-01  3.14329594e-01
  3.17086846e-01  3.19323778e-01  3.21063459e-01  3.22337568e-01  3.23183805e-01
  1.29391626e-01  1.25786111e-01  1.21910512e-01  1.17686249e-01  1.13105096e-01
  1.08213842e-01  1.03078477e-01  9.77473930e-02  9.27159712e-02  8.85953307e-02
  8.37387070e-02  7.69188702e-02  6.97304234e-02  6.48907721e-02  6.18597567e-02
  6.04176261e-02  6.05407208e-02  6.23120181e-02  6.59395754e-02  7.18801394e-02
  8.10277238e-02  9.03746337e-02  9.79276374e-02  1.04406051e-01  1.10200956e-01
  1.15535259e-01  1.20541282e-01  1.25292718e-01  1.29815042e-01  1.34102091e-01
  1.38624400e-01  1.43555179e-01  1.48850247e-01  1.54503971e-01  1.60514295e-01
  1.66913584e-01  1.73496380e-01  1.79809004e-01  1.85925961e-01  1.91916913e-01
  1.97843194e-01  2.03755945e-01  2.09692344e-01  2.15673566e-01  2.21705481e-01
  2.27781162e-01  2.33883411e-01  2.39986986e-01  2.46060193e-01  2.52066225e-01
  2.57964402e-01  2.63711244e-01  2.69261897e-01  2.74571717e-01  2.79597759e-01
  2.84300566e-01  2.88645893e-01  2.92606026e-01  2.96160966e-01  2.99299121e-01
  3.02017331e-01  3.04320633e-01  3.06221485e-01  3.07738513e-01  3.08895230e-01
  9.53134179e-01  9.65952456e-01  9.73840117e-01  9.83707309e-01  9.93916512e-01
  1.00444245e+00  1.01675618e+00  1.02740800e+00  1.03850996e+00  1.05077016e+00
  1.06268227e+00  1.07496035e+00  1.08821940e+00  1.10141993e+00  1.11500823e+00
  1.12915587e+00  1.14397204e+00  1.15901423e+00  1.17440104e+00  1.19047749e+00
  1.20715868e+00  1.22430336e+00  1.24197745e+00  1.26024961e+00  1.27922356e+00
  1.29894638e+00  1.31927288e+00  1.34033167e+00  1.36220050e+00  1.38497305e+00
  1.40861821e+00  1.43315804e+00  1.45873201e+00  1.48536634e+00  1.51317477e+00
  1.54220772e+00  1.57255447e+00  1.60431910e+00  1.63751435e+00  1.67249560e+00
  1.70924842e+00  1.74792278e+00  1.78866839e+00  1.83168018e+00  1.87752390e+00
  1.92590833e+00  1.97753799e+00  2.03255939e+00  2.09173298e+00  2.15519404e+00
  2.22360325e+00  2.29788566e+00  2.37903357e+00  2.46770239e+00  2.56608224e+00
  2.67562509e+00  2.79879618e+00  2.94032359e+00  3.10299659e+00  3.29746437e+00
  3.53349781e+00  3.83823776e+00  4.25693178e+00  4.94010687e+00  9.09152508e+00
   88  117
  1.08718395e+00 -5.00000007e-02  1.08935523e+00  5.00000007e-02  1.09648037e+00
  1.50000006e-01  1.10562503e+00  2.28821933e-01  1.11556256e+00  3.00000012e-01
  1.13177919e+00  4.00000006e-01  1.14034951e+00  4.49999988e-01  1.15750468e+00
  5.50000012e-01  1.16639757e+00  6.00000024e-01  1.18531251e+00  6.97075129e-01
  1.19789529e+00  7.50000000e-01  1.21278489e+00  8.00000012e-01  1.23843753e+00
  8.64165008e-01  1.26499999e+00  9.08243120e-01  1.30506599e+00  9.49999988e-01
  1.34468746e+00  9.75905657e-01  1.39781249e+00  9.91135955e-01  1.45093751e+00
  9.93424714e-01  1.50406253e+00  9.86540318e-01  1.55718756e+00  9.71787989e-01
  1.60825610e+00  9.49999988e-01  1.63687503e+00  9.36893165e-01  1.69000006e+00
  9.06951487e-01  1.71656251e+00  8.90190721e-01  1.76968753e+00  8.52939367e-01
  1.79624999e+00  8.33092988e-01  1.83602214e+00  8.00000012e-01  1.87593746e+00
  7.65810132e-01  1.90250003e+00  7.40970314e-01  1.94369364e+00  6.99999988e-01
  1.98218751e+00  6.59337938e-01  2.00874996e+00  6.28892601e-01  2.03531241e+00
  5.96151173e-01  2.06978464e+00  5.50000012e-01  2.10306144e+00  5.00000000e-01
  2.13248634e+00  4.49999988e-01  2.15849614e+00  4.00000006e-01  2.18150187e+00
  3.49999994e-01  2.20176601e+00  3.00000012e-01  2.22125006e+00  2.43467852e-01
  2.24595070e+00  1.50000006e-01  2.25448227e+00  1.00000001e-01  2.26000547e+00
  0.00000000e+00  2.24961996e+00 -1.00000001e-01  2.23883295e+00 -1.50000006e-01
  2.22125006e+00 -2.10010991e-01  2.19468760e+00 -2.82170475e-01  2.16812491e+00
 -3.42768908e-01  2.14156246e+00 -3.95631313e-01  2.11500001e+00 -4.42784488e-01
  2.08843756e+00 -4.85487550e-01  2.06187510e+00 -5.24608612e-01  2.03531241e+00
 -5.60746849e-01  2.00404096e+00 -6.00000024e-01  1.96122599e+00 -6.49999976e-01
  1.92906249e+00 -6.85413063e-01  1.90250003e+00 -7.13221371e-01  1.86521256e+00
 -7.50000000e-01  1.82281256e+00 -7.90964901e-01  1.79624999e+00 -8.15618694e-01
  1.75650454e+00 -8.50000024e-01  1.71656251e+00 -8.84745598e-01  1.69000006e+00
 -9.06191051e-01  1.63687503e+00 -9.47236598e-01  1.61031246e+00 -9.67788696e-01
  1.56363201e+00 -1.00000000e+00  1.53062499e+00 -1.02380133e+00  1.48818970e+00
 -1.04999995e+00  1.45093751e+00 -1.07516837e+00  1.40707707e+00 -1.10000002e+00
  1.37125003e+00 -1.12383735e+00  1.32292366e+00 -1.14999998e+00  1.29156256e+00
 -1.17446995e+00  1.24240994e+00 -1.19625151e+00  1.21187496e+00 -1.12821937e+00
  1.19093919e+00 -1.04999995e+00  1.17874408e+00 -1.00000000e+00  1.16126978e+00
 -8.99999976e-01  1.15420723e+00 -8.50000024e-01  1.14361346e+00 -7.50000000e-01
  1.13470209e+00 -6.49999976e-01  1.12999249e+00 -6.00000024e-01  1.12013888e+00
 -5.00000000e-01  1.10961890e+00 -4.00000006e-01  1.10440040e+00 -3.49999994e-01
  1.09548461e+00 -2.50000000e-01  1.08949697e+00 -1.50000006e-01  1.08718395e+00
 -5.00000007e-02
  1.01600003e+00  0.00000000e+00  1.01600003e+00  9.63999987e-01  1.01600003e+00
  9.67999995e-01  1.01600003e+00  1.00100005e+00  1.01600003e+00  1.01900005e+00
  1.01600003e+00  1.07700002e+00  1.01600003e+00  1.07000005e+00  1.01600003e+00
  1.09599996e+00  1.01600003e+00  1.11300004e+00  1.01600003e+00  1.13800001e+00
  1.01600003e+00  1.14699996e+00  1.01199996e+00  1.16499996e+00  1.00100005e+00
  1.21700001e+00  1.02900004e+00  1.21700001e+00  1.04200006e+00  1.16240001e+00
  1.04600000e+00  1.16237998e+00  1.05599999e+00  1.16260004e+00  1.09700000e+00
  1.16450000e+00  1.10800004e+00  1.16594005e+00  1.11600006e+00  1.16591001e+00
  1.13399994e+00  1.16895998e+00  1.14800000e+00  1.17174995e+00  1.16199994e+00
  1.17556000e+00  1.18099999e+00  1.18299997e+00  1.18200004e+00  1.18350005e+00
  1.18499994e+00  1.18499994e+00  1.19000006e+00  1.18799996e+00  1.19500005e+00
  1.19099998e+00  1.20099998e+00  1.19599998e+00  1.20899999e+00  1.20200002e+00
  1.21500003e+00  1.20799994e+00  1.22200000e+00  1.21399999e+00  1.22800004e+00
  1.22099996e+00  1.23399997e+00  1.23099995e+00  1.23899996e+00  1.23800004e+00
  1.24199998e+00  1.24399996e+00  1.24800003e+00  1.25399995e+00  1.25800002e+00
  1.27800000e+00  1.26300001e+00  1.28999996e+00  1.27999997e+00  1.33099997e+00
  1.27999997e+00  1.34700000e+00  1.27999997e+00  1.34800005e+00  1.30999994e+00
  1.34800005e+00  1.32799995e+00  1.34800005e+00  1.36099994e+00  1.34800005e+00
  1.38000000e+00  1.34800005e+00  1.41900003e+00  1.34800005e+00  1.41900003e+00
  1.30999994e+00  1.37199998e+00  1.30999994e+00  1.37167001e+00  1.29237998e+00
  1.37003005e+00  1.28268003e+00  1.36688006e+00  1.25644004e+00  1.36719000e+00
  1.22955000e+00  1.37178004e+00  1.19576001e+00  1.37223995e+00  1.19402003e+00
  1.38662004e+00  1.16487002e+00  1.38707995e+00  1.16420996e+00  1.40382004e+00
  1.15696001e+00  1.41127002e+00  1.15730000e+00  1.41857004e+00  1.16131997e+00
  1.42100000e+00  1.16400003e+00  1.48662996e+00  1.24049997e+00  1.49730003e+00
  1.23458004e+00  1.49761999e+00  1.23427999e+00  1.49744999e+00  1.23174000e+00
  1.49275005e+00  1.21329999e+00  1.49259996e+00  1.21061003e+00  1.49260998e+00
  1.20485997e+00  1.49278998e+00  1.20213997e+00  1.49339998e+00  1.19641995e+00
  1.49469995e+00  1.18510997e+00  1.49621999e+00  1.16069996e+00  1.47981000e+00
  1.12425995e+00  1.48081994e+00  1.12256002e+00  1.48149002e+00  1.12137997e+00
  1.48645997e+00  1.11691999e+00  1.49094999e+00  1.11439002e+00  1.50304997e+00
  1.11243999e+00  1.59696996e+00  1.09489000e+00  1.62549996e+00  1.08529997e+00
  1.63751996e+00  1.07988000e+00  1.64699996e+00  1.07700002e+00  1.78499997e+00
  1.07700002e+00  2.06999993e+00  1.03999996e+00  2.12800002e+00  9.92999971e-01
  2.24499989e+00  7.08999991e-01  2.33956003e+00  4.61430013e-01  2.34707999e+00
  4.15829986e-01  2.34912992e+00  2.72179991e-01  2.35103011e+00  1.70179993e-01
  2.35157990e+00  7.01199993e-02  2.35124993e+00 -3.17899995e-02  2.35050988e+00
 -1.44350007e-01  2.34964991e+00 -2.14829996e-01  2.34870005e+00 -3.26689988e-01
  2.34759998e+00 -3.86770010e-01  2.34019995e+00 -4.53040004e-01  2.32942009e+00
 -4.77569997e-01  2.13400006e+00 -9.72999990e-01  1.78600001e+00 -1.17400002e+00
  1.76800001e+00 -1.21099997e+00  1.76800001e+00 -1.25000000e+00  1.68200004e+00
 -1.25000000e+00  1.37199998e+00 -1.25000000e+00  1.37199998e+00 -1.32900000e+00
  1.41999996e+00 -1.32900000e+00  1.41999996e+00 -1.36300004e+00  1.27300000e+00
 -1.36300004e+00  1.15300000e+00 -1.36300004e+00  1.01600003e+00 -1.22300005e+00
  1.01600003e+00 -1.22300005e+00  1.01600003e+00 -8.29999983e-01  1.01600003e+00
 -8.00000012e-01  1.01600003e+00 -4.14999992e-01  1.01600003e+00 -4.00000006e-01
  1.01600003e+00 -1.00000005e-03  1.01600003e+00  0.00000000e+00
    0 0.000000000e+00    0
  0.00000000e+00  9.09347758e-02  1.29199952e-01  1.58707350e-01  1.83786958e-01
  2.06080273e-01  2.25178152e-01  2.43937790e-01  2.61770904e-01  2.78671324e-01
  2.94672370e-01  3.10046762e-01  3.24925125e-01  3.39327723e-01  3.53220671e-01
  3.66786242e-01  3.80119026e-01  3.93086106e-01  4.05796379e-01  4.18300569e-01
  4.30644214e-01  4.42779154e-01  4.54750150e-01  4.66583461e-01  4.78310049e-01
  4.89937544e-01  5.01443624e-01  5.12866139e-01  5.24232209e-01  5.35552144e-01
  5.46796739e-01  5.58010995e-01  5.69204450e-01  5.80368876e-01  5.91531813e-01
  6.02681279e-01  6.13856137e-01  6.25041842e-01  6.36227846e-01  6.47489190e-01
  6.58777058e-01  6.70127153e-01  6.81533694e-01  6.92998588e-01  7.04602778e-01
  7.16253519e-01  7.28053212e-01  7.39944935e-01  7.52015948e-01  7.64232039e-01
  7.76613235e-01  7.89200425e-01  8.02024305e-01  8.15082431e-01  8.28439355e-01
  8.42117727e-01  8.56157839e-01  8.70677292e-01  8.85634303e-01  9.01255071e-01
  9.17593181e-01  9.34943557e-01  9.53572989e-01  9.74215806e-01  1.00000000e+00
    0
